6.157052040100098
12.195290565490723
7.325442314147949
7.5160417556762695
2.314701795578003
16.38353729248047
6.157052040100098
12.195290565490723
8.619674682617188
6.195105075836182
2.314812421798706
16.383481979370117
6.157052040100098
12.195290565490723
7.599473476409912
5.9420294761657715
2.3149008750915527
16.383438110351562
6.157052040100098
12.195290565490723
6.596275806427002
5.693171501159668
2.314971685409546
16.38340187072754
6.157052040100098
12.195290565490723
5.609797954559326
5.448461532592773
2.315028190612793
16.383373260498047
6.157052040100098
12.195290565490723
4.639761447906494
5.20782995223999
2.3150734901428223
16.383350372314453
6.157052040100098
12.195290565490723
3.685892105102539
4.971208572387695
2.3151097297668457
16.383333206176758
6.157052040100098
12.195290565490723
2.747920513153076
4.738531112670898
2.315138816833496
16.383317947387695
6.157052040100098
12.195290565490723
1.9068924188613892
4.535429954528809
2.315161943435669
16.3833065032959
6.157052040100098
12.195290565490723
2.3333370685577393
4.729038715362549
2.3151803016662598
16.383296966552734
6.157052040100098
12.195290565490723
2.7526743412017822
4.9194207191467285
2.315195083618164
16.383289337158203
6.157052040100098
12.195290565490723
3.165022611618042
5.106629848480225
2.31520676612854
16.383283615112305
6.157052040100098
12.195290565490723
3.570498466491699
5.2907185554504395
2.315216302871704
16.38327980041504
6.157052040100098
12.195290565490723
3.9692163467407227
5.471739292144775
2.3152239322662354
16.383275985717773
6.157052040100098
12.195290565490723
4.361289024353027
5.64974308013916
2.315230131149292
16.383272171020508
6.157052040100098
12.195290565490723
4.746827125549316
5.824779987335205
2.315234899520874
16.383270263671875
6.157052040100098
12.195290565490723
5.12593936920166
5.996899604797363
2.3152387142181396
16.383268356323242
6.157052040100098
12.195290565490723
5.498733043670654
6.1661505699157715
2.315241813659668
16.38326644897461
6.157052040100098
12.195290565490723
5.865313529968262
6.33258056640625
2.315244197845459
16.383264541625977
6.157052040100098
12.195290565490723
6.2257843017578125
6.496236801147461
2.315246105194092
16.383262634277344
6.157052040100098
12.195290565490723
6.580247402191162
6.65716552734375
2.3152475357055664
16.383262634277344
6.157052040100098
12.195290565490723
6.928802967071533
6.8154120445251465
2.315248727798462
16.383262634277344
6.157052040100098
12.195290565490723
7.271549224853516
6.9710211753845215
2.3152499198913574
16.383262634277344
6.157052040100098
12.195290565490723
7.608582973480225
7.12403678894043
2.315250873565674
16.383262634277344
6.157052040100098
12.195290565490723
7.939999580383301
7.274502277374268
2.315251588821411
16.383262634277344
6.157052040100098
12.195290565490723
8.265892028808594
7.422460079193115
2.3152523040771484
16.383262634277344
6.157052040100098
12.195290565490723
8.586353302001953
7.567951679229736
2.3152527809143066
16.383262634277344
6.157052040100098
12.195290565490723
8.901473999023438
7.7110185623168945
2.315253257751465
16.383262634277344
6.157052040100098
12.195290565490723
8.891867637634277
7.820369243621826
2.315253734588623
16.383262634277344
6.157052040100098
12.195290565490723
8.73951530456543
7.912439346313477
2.315253973007202
16.383262634277344
6.157052040100098
12.195290565490723
8.589702606201172
8.002974510192871
2.315253973007202
16.383262634277344
6.157052040100098
12.195290565490723
8.442386627197266
8.092000961303711
2.315253973007202
16.383262634277344
6.157052040100098
12.195290565490723
8.297526359558105
8.179543495178223
2.315253973007202
16.383262634277344
6.157052040100098
12.195290565490723
8.15507984161377
8.265626907348633
2.315253973007202
16.383262634277344
6.157052040100098
12.195290565490723
8.015007972717285
8.350275993347168
2.315253973007202
16.383262634277344
6.157052040100098
12.195290565490723
7.877270221710205
8.433514595031738
2.315253973007202
16.383262634277344
6.157052040100098
12.195290565490723
7.741828441619873
8.515365600585938
2.315253973007202
16.383262634277344
6.157052040100098
12.195290565490723
7.608644008636475
8.59585189819336
2.315253973007202
16.383262634277344
6.157052040100098
12.195290565490723
7.477679252624512
8.674997329711914
2.315253973007202
16.383262634277344
6.157052040100098
12.195290565490723
7.3488969802856445
8.752823829650879
2.315253973007202
16.383262634277344
6.157052040100098
12.195290565490723
7.222261428833008
8.829353332519531
2.315253973007202
16.383262634277344
6.157052040100098
12.195290565490723
7.097736358642578
8.904606819152832
2.315253973007202
16.383262634277344
6.157052040100098
12.195290565490723
6.975286483764648
8.978606224060059
2.315253973007202
16.383262634277344
6.157052040100098
12.195290565490723
6.854877471923828
9.051372528076172
2.315253973007202
16.383262634277344
6.157052040100098
12.195290565490723
6.736475467681885
9.122925758361816
2.315253973007202
16.383262634277344
6.157052040100098
12.195290565490723
6.620046615600586
9.193286895751953
2.315253973007202
16.383262634277344
6.157052040100098
12.195290565490723
6.505558490753174
9.26247501373291
2.315253973007202
16.383262634277344
6.157052040100098
12.195290565490723
6.392978191375732
9.330510139465332
2.315253973007202
16.383262634277344
6.157052040100098
12.195290565490723
6.28227424621582
9.397411346435547
2.315253973007202
16.383262634277344
6.157052040100098
12.195290565490723
6.173415660858154
9.463197708129883
2.315253973007202
16.383262634277344
6.157052040100098
12.195290565490723
6.066371440887451
9.527887344360352
2.315253973007202
16.383262634277344
6.157052040100098
12.195290565490723
5.961111068725586
9.591498374938965
2.315253973007202
16.383262634277344
6.157052040100098
12.195290565490723
5.85760498046875
9.65404987335205
2.315253973007202
16.383262634277344
6.157052040100098
12.195290565490723
5.755824089050293
9.715558052062988
2.315253973007202
16.383262634277344
6.157052040100098
12.195290565490723
5.6557393074035645
9.776041984558105
2.315253973007202
16.383262634277344
6.157052040100098
12.195290565490723
5.557322978973389
9.835517883300781
2.315253973007202
16.383262634277344
6.157052040100098
12.195290565490723
5.460546970367432
9.894001960754395
2.315253973007202
16.383262634277344
6.157052040100098
12.195290565490723
5.365383625030518
9.95151138305664
2.315253973007202
16.383262634277344
6.157052040100098
12.195290565490723
5.271806240081787
10.008062362670898
2.315253973007202
16.383262634277344
6.157052040100098
12.195290565490723
5.179788589477539
10.063671112060547
2.315253973007202
16.383262634277344
6.157052040100098
12.195290565490723
5.089304447174072
10.118352890014648
2.315253973007202
16.383262634277344
6.157052040100098
12.195290565490723
5.000328540802002
10.172122955322266
2.315253973007202
16.383262634277344
6.157052040100098
12.195290565490723
4.912835597991943
10.224997520446777
2.315253973007202
16.383262634277344
6.157052040100098
12.195290565490723
4.82680082321167
10.276989936828613
2.315253973007202
16.383262634277344
6.157052040100098
12.195290565490723
4.742199897766113
10.328116416931152
2.315253973007202
16.383262634277344
6.157052040100098
12.195290565490723
4.659008979797363
10.378390312194824
2.315253973007202
16.383262634277344
6.157052040100098
12.195290565490723
4.577204704284668
10.427826881408691
2.315253973007202
16.383262634277344
6.157052040100098
12.195290565490723
4.496763706207275
10.476439476013184
2.315253973007202
16.383262634277344
6.157052040100098
12.195290565490723
4.41766357421875
10.52424144744873
2.315253973007202
16.383262634277344
6.157052040100098
12.195290565490723
4.339881896972656
10.571247100830078
2.315253973007202
16.383262634277344
6.157052040100098
12.195290565490723
4.263396263122559
10.61746883392334
2.315253973007202
16.383262634277344
6.157052040100098
12.195290565490723
4.188185691833496
10.662920951843262
2.315253973007202
16.383262634277344
6.157052040100098
12.195290565490723
4.114228248596191
10.70761489868164
2.315253973007202
16.383262634277344
6.157052040100098
12.195290565490723
4.041503429412842
10.751564025878906
2.315253973007202
16.383262634277344
6.157052040100098
12.195290565490723
3.9699909687042236
10.794780731201172
2.315253973007202
16.383262634277344
6.157052040100098
12.195290565490723
3.899670362472534
10.83727741241455
2.315253973007202
16.383262634277344
6.157052040100098
12.195290565490723
3.830521583557129
10.87906551361084
2.315253973007202
16.383262634277344
6.157052040100098
12.195290565490723
3.7625253200531006
10.920157432556152
2.315253973007202
16.383262634277344
6.157052040100098
12.195290565490723
3.695662498474121
10.960564613342285
2.315253973007202
16.383262634277344
6.157052040100098
12.195290565490723
3.6299140453338623
11.000298500061035
2.315253973007202
16.383262634277344
6.157052040100098
12.195290565490723
3.5652613639831543
11.039369583129883
2.315253973007202
16.383262634277344
6.157052040100098
12.195290565490723
3.5016860961914062
11.077789306640625
2.315253973007202
16.383262634277344
6.157052040100098
12.195290565490723
3.4391703605651855
11.115569114685059
2.315253973007202
16.383262634277344
6.157052040100098
12.195290565490723
3.3776967525482178
11.152719497680664
2.315253973007202
16.383262634277344
6.157052040100098
12.195290565490723
3.3172476291656494
11.189249992370605
2.315253973007202
16.383262634277344
6.157052040100098
12.195290565490723
3.2578060626983643
11.22517204284668
2.315253973007202
16.383262634277344
6.157052040100098
12.195290565490723
3.199355125427246
11.26049518585205
2.315253973007202
16.383262634277344
6.157052040100098
12.195290565490723
3.141878366470337
11.2952299118042
2.315253973007202
16.383262634277344
6.157052040100098
12.195290565490723
3.085359573364258
11.329385757446289
2.315253973007202
16.383262634277344
6.157052040100098
12.195290565490723
3.029782772064209
11.362972259521484
2.315253973007202
16.383262634277344
6.157052040100098
12.195290565490723
2.9751322269439697
11.39599895477295
2.315253973007202
16.383262634277344
6.157052040100098
12.195290565490723
2.9213924407958984
11.428475379943848
2.315253973007202
16.383262634277344
6.157052040100098
12.195290565490723
2.8685483932495117
11.460410118103027
2.315253973007202
16.383262634277344
6.157052040100098
12.195290565490723
2.816585063934326
11.491812705993652
2.315253973007202
16.383262634277344
6.157052040100098
12.195290565490723
2.7654876708984375
11.52269172668457
2.315253973007202
16.383262634277344
6.157052040100098
12.195290565490723
2.7152419090270996
11.553056716918945
2.315253973007202
16.383262634277344
6.157052040100098
12.195290565490723
2.6658337116241455
11.582915306091309
2.315253973007202
16.383262634277344
6.157052040100098
12.195290565490723
2.617249011993408
11.612276077270508
2.315253973007202
16.383262634277344
6.157052040100098
12.195290565490723
2.5694739818573
11.64114761352539
2.315253973007202
16.383262634277344
6.157052040100098
12.195290565490723
2.5224952697753906
11.669537544250488
2.315253973007202
16.383262634277344
6.157052040100098
12.195290565490723
2.476299524307251
11.697454452514648
2.315253973007202
16.383262634277344
6.157052040100098
12.195290565490723
2.4308736324310303
11.724905967712402
2.315253973007202
16.383262634277344
6.157052040100098
12.195290565490723
2.386204957962036
11.751900672912598
2.315253973007202
16.383262634277344
6.157052040100098
12.195290565490723
2.342280626296997
11.77844524383545
2.315253973007202
16.383262634277344
6.157052040100098
12.195290565490723
2.299088478088379
11.804547309875488
2.315253973007202
16.383262634277344
6.157052040100098
12.195290565490723
2.2566161155700684
11.830214500427246
2.315253973007202
16.383262634277344
6.157052040100098
12.195290565490723
2.2148516178131104
11.855453491210938
2.315253973007202
16.383262634277344
6.157052040100098
12.195290565490723
2.173783302307129
11.880271911621094
2.315253973007202
16.383262634277344
6.157052040100098
12.195290565490723
2.133399486541748
11.90467643737793
2.315253973007202
16.383262634277344
6.157052040100098
12.195290565490723
2.093688726425171
11.928674697875977
2.315253973007202
16.383262634277344
6.157052040100098
12.195290565490723
2.0546398162841797
11.95227336883545
2.315253973007202
16.383262634277344
6.157052040100098
12.195290565490723
2.0162415504455566
11.975478172302246
2.315253973007202
16.383262634277344
6.157052040100098
12.195290565490723
1.9784833192825317
11.998296737670898
2.315253973007202
16.383262634277344
6.157052040100098
12.195290565490723
1.9413543939590454
12.020734786987305
2.315253973007202
16.383262634277344
6.157052040100098
12.195290565490723
1.9048442840576172
12.04279899597168
2.315253973007202
16.383262634277344
6.157052040100098
12.195290565490723
1.8689426183700562
12.064495086669922
2.315253973007202
16.383262634277344
6.157052040100098
12.195290565490723
1.83363938331604
12.085829734802246
2.315253973007202
16.383262634277344
6.157052040100098
12.195290565490723
1.7989245653152466
12.10680866241455
2.315253973007202
16.383262634277344
6.157052040100098
12.195290565490723
1.764788269996643
12.127437591552734
2.315253973007202
16.383262634277344
6.157052040100098
12.195290565490723
1.7312209606170654
12.147723197937012
2.315253973007202
16.383262634277344
6.157052040100098
12.195290565490723
1.6982131004333496
12.167670249938965
2.315253973007202
16.383262634277344
6.157052040100098
12.195290565490723
1.6657553911209106
12.187285423278809
2.315253973007202
16.383262634277344
6.157052040100098
12.195290565490723
1.6338386535644531
12.206573486328125
2.315253973007202
16.383262634277344
6.157052040100098
12.195290565490723
1.6024538278579712
12.225540161132812
2.315253973007202
16.383262634277344
6.157052040100098
12.195290565490723
1.571592092514038
12.244190216064453
2.315253973007202
16.383262634277344
6.157052040100098
12.195290565490723
1.541244626045227
12.262530326843262
2.315253973007202
16.383262634277344
6.157052040100098
12.195290565490723
1.51140296459198
12.280564308166504
2.315253973007202
16.383262634277344
6.157052040100098
12.195290565490723
1.4820586442947388
12.298297882080078
2.315253973007202
16.383262634277344
6.157052040100098
12.195290565490723
1.4532034397125244
12.315735816955566
2.315253973007202
16.383262634277344
6.157052040100098
12.195290565490723
1.424829125404358
12.33288288116455
2.315253973007202
16.383262634277344
6.157052040100098
12.195290565490723
1.3969277143478394
12.34974479675293
2.315253973007202
16.383262634277344
6.157052040100098
12.195290565490723
1.3694913387298584
12.366325378417969
2.315253973007202
16.383262634277344
6.157052040100098
12.195290565490723
1.3425122499465942
12.38262939453125
2.315253973007202
16.383262634277344
6.157052040100098
12.195290565490723
1.3159828186035156
12.398661613464355
2.315253973007202
16.383262634277344
6.157052040100098
12.195290565490723
1.2898955345153809
12.414426803588867
2.315253973007202
16.383262634277344
6.157052040100098
12.195290565490723
1.2642430067062378
12.42992877960205
2.315253973007202
16.383262634277344
6.157052040100098
12.195290565490723
1.2390180826187134
12.445173263549805
2.315253973007202
16.383262634277344
6.157052040100098
12.195290565490723
1.2142136096954346
12.460163116455078
2.315253973007202
16.383262634277344
6.157052040100098
12.195290565490723
1.1898224353790283
12.474903106689453
2.315253973007202
16.383262634277344
6.157052040100098
12.195290565490723
1.1658378839492798
12.489398002624512
2.315253973007202
16.383262634277344
6.157052040100098
12.195290565490723
1.142253041267395
12.503650665283203
2.315253973007202
16.383262634277344
6.157052040100098
12.195290565490723
1.1190612316131592
12.51766586303711
2.315253973007202
16.383262634277344
6.157052040100098
12.195290565490723
1.0962560176849365
12.531447410583496
2.315253973007202
16.383262634277344
6.157052040100098
12.195290565490723
1.0738308429718018
12.544999122619629
2.315253973007202
16.383262634277344
6.157052040100098
12.195290565490723
1.0517793893814087
12.55832576751709
2.315253973007202
16.383262634277344
6.157052040100098
12.195290565490723
1.0300954580307007
12.571430206298828
2.315253973007202
16.383262634277344
6.157052040100098
12.195290565490723
1.0087729692459106
12.58431625366211
2.315253973007202
16.383262634277344
6.157052040100098
12.195290565490723
1.0192564725875854
12.59276008605957
2.315253973007202
16.383262634277344
6.157052040100098
12.195290565490723
1.0295653343200684
12.601062774658203
2.315253973007202
16.383262634277344
6.157052040100098
12.195290565490723
1.039702296257019
12.609227180480957
2.315253973007202
16.383262634277344
6.157052040100098
12.195290565490723
1.0496703386306763
12.617256164550781
2.315253973007202
16.383262634277344
6.157052040100098
12.195290565490723
1.0594723224639893
12.625150680541992
2.315253973007202
16.383262634277344
6.157052040100098
12.195290565490723
1.0691108703613281
12.632913589477539
2.315253973007202
16.383262634277344
6.157052040100098
12.195290565490723
1.078588843345642
12.640547752380371
2.315253973007202
16.383262634277344
6.157052040100098
12.195290565490723
1.0879087448120117
12.648054122924805
2.315253973007202
16.383262634277344
6.157052040100098
12.195290565490723
1.0970733165740967
12.655435562133789
2.315253973007202
16.383262634277344
6.157052040100098
12.195290565490723
1.106085181236267
12.662693977355957
2.315253973007202
16.383262634277344
6.157052040100098
12.195290565490723
1.1149468421936035
12.669831275939941
2.315253973007202
16.383262634277344
6.157052040100098
12.195290565490723
1.1236608028411865
12.676849365234375
2.315253973007202
16.383262634277344
6.157052040100098
12.195290565490723
1.1322295665740967
12.683751106262207
2.315253973007202
16.383262634277344
6.157052040100098
12.195290565490723
1.140655517578125
12.690537452697754
2.315253973007202
16.383262634277344
6.157052040100098
12.195290565490723
1.1489410400390625
12.697211265563965
2.315253973007202
16.383262634277344
6.157052040100098
12.195290565490723
1.1570885181427002
12.703773498535156
2.315253973007202
16.383262634277344
6.157052040100098
12.195290565490723
1.16510009765625
12.710226058959961
2.315253973007202
16.383262634277344
6.157052040100098
12.195290565490723
1.172978162765503
12.716571807861328
2.315253973007202
16.383262634277344
6.157052040100098
12.195290565490723
1.1807249784469604
12.722811698913574
2.315253973007202
16.383262634277344
6.157052040100098
12.195290565490723
1.1883426904678345
12.728947639465332
2.315253973007202
16.383262634277344
6.157052040100098
12.195290565490723
1.195833444595337
12.734980583190918
2.315253973007202
16.383262634277344
6.157052040100098
12.195290565490723
1.2031993865966797
12.740913391113281
2.315253973007202
16.383262634277344
6.157052040100098
12.195290565490723
1.2104425430297852
12.746747016906738
2.315253973007202
16.383262634277344
6.157052040100098
12.195290565490723
1.2175649404525757
12.752483367919922
2.315253973007202
16.383262634277344
6.157052040100098
12.195290565490723
1.2245686054229736
12.758124351501465
2.315253973007202
16.383262634277344
6.157052040100098
12.195290565490723
1.2314555644989014
12.763670921325684
2.315253973007202
16.383262634277344
6.157052040100098
12.195290565490723
1.2382277250289917
12.769125938415527
2.315253973007202
16.383262634277344
6.157052040100098
12.195290565490723
1.2448869943618774
12.774489402770996
2.315253973007202
16.383262634277344
6.157052040100098
12.195290565490723
1.2514352798461914
12.779763221740723
2.315253973007202
16.383262634277344
6.157052040100098
12.195290565490723
1.2578744888305664
12.78494930267334
2.315253973007202
16.383262634277344
6.157052040100098
12.195290565490723
1.2642064094543457
12.79004955291748
2.315253973007202
16.383262634277344
6.157052040100098
12.195290565490723
1.270432710647583
12.795064926147461
2.315253973007202
16.383262634277344
6.157052040100098
12.195290565490723
1.2765552997589111
12.799996376037598
2.315253973007202
16.383262634277344
6.157052040100098
12.195290565490723
1.2825758457183838
12.804845809936523
2.315253973007202
16.383262634277344
6.157052040100098
12.195290565490723
1.2884960174560547
12.809614181518555
2.315253973007202
16.383262634277344
6.157052040100098
12.195290565490723
1.2943174839019775
12.814303398132324
2.315253973007202
16.383262634277344
6.157052040100098
12.195290565490723
1.300041913986206
12.818914413452148
2.315253973007202
16.383262634277344
6.157052040100098
12.195290565490723
1.305670976638794
12.823448181152344
2.315253973007202
16.383262634277344
6.157052040100098
12.195290565490723
1.3112062215805054
12.827906608581543
2.315253973007202
16.383262634277344
6.157052040100098
12.195290565490723
1.3166491985321045
12.832290649414062
2.315253973007202
16.383262634277344
6.157052040100098
12.195290565490723
1.3220014572143555
12.836601257324219
2.315253973007202
16.383262634277344
6.157052040100098
12.195290565490723
1.3272645473480225
12.840840339660645
2.315253973007202
16.383262634277344
6.157052040100098
12.195290565490723
1.33243989944458
12.845008850097656
2.315253973007202
16.383262634277344
6.157052040100098
12.195290565490723
1.3375290632247925
12.84910774230957
2.315253973007202
16.383262634277344
6.157052040100098
12.195290565490723
1.3425333499908447
12.853137969970703
2.315253973007202
16.383262634277344
6.157052040100098
12.195290565490723
1.3474541902542114
12.857101440429688
2.315253973007202
16.383262634277344
6.157052040100098
12.195290565490723
1.3522930145263672
12.86099910736084
2.315253973007202
16.383262634277344
6.157052040100098
12.195290565490723
1.3570512533187866
12.864831924438477
2.315253973007202
16.383262634277344
6.157052040100098
12.195290565490723
1.3617302179336548
12.868600845336914
2.315253973007202
16.383262634277344
6.157052040100098
12.195290565490723
1.3663311004638672
12.872306823730469
2.315253973007202
16.383262634277344
6.157052040100098
12.195290565490723
1.3708553314208984
12.875950813293457
2.315253973007202
16.383262634277344
6.157052040100098
12.195290565490723
1.3753042221069336
12.879533767700195
2.315253973007202
16.383262634277344
6.157052040100098
12.195290565490723
1.3796789646148682
12.883057594299316
2.315253973007202
16.383262634277344
6.157052040100098
12.195290565490723
1.3839807510375977
12.88652229309082
2.315253973007202
16.383262634277344
6.157052040100098
12.195290565490723
1.3882108926773071
12.88992977142334
2.315253973007202
16.383262634277344
6.157052040100098
12.195290565490723
1.3923704624176025
12.893280029296875
2.315253973007202
16.383262634277344
6.157052040100098
12.195290565490723
1.396460771560669
12.896574020385742
2.315253973007202
16.383262634277344
6.157052040100098
12.195290565490723
1.4004828929901123
12.899813652038574
2.315253973007202
16.383262634277344
6.157052040100098
12.195290565490723
1.4044378995895386
12.902998924255371
2.315253973007202
16.383262634277344
6.157052040100098
12.195290565490723
1.4083269834518433
12.906131744384766
2.315253973007202
16.383262634277344
6.157052040100098
12.195290565490723
1.4121513366699219
12.909212112426758
2.315253973007202
16.383262634277344
6.157052040100098
12.195290565490723
1.4159119129180908
12.912240982055664
2.315253973007202
16.383262634277344
6.157052040100098
12.195290565490723
1.419609785079956
12.9152193069458
2.315253973007202
16.383262634277344
6.157052040100098
12.195290565490723
1.4232460260391235
12.918148040771484
2.315253973007202
16.383262634277344
6.157052040100098
12.195290565490723
1.4268217086791992
12.921028137207031
2.315253973007202
16.383262634277344
6.157052040100098
12.195290565490723
1.4303377866744995
12.923860549926758
2.315253973007202
16.383262634277344
6.157052040100098
12.195290565490723
1.4337952136993408
12.926645278930664
2.315253973007202
16.383262634277344
6.157052040100098
12.195290565490723
1.437195062637329
12.929383277893066
2.315253973007202
16.383262634277344
6.157052040100098
12.195290565490723
1.4405382871627808
12.932076454162598
2.315253973007202
16.383262634277344
6.157052040100098
12.195290565490723
1.4438257217407227
12.934723854064941
2.315253973007202
16.383262634277344
6.157052040100098
12.195290565490723
1.4470584392547607
12.93732738494873
2.315253973007202
16.383262634277344
6.157052040100098
12.195290565490723
1.4502372741699219
12.939888000488281
2.315253973007202
16.383262634277344
6.157052040100098
12.195290565490723
1.453363060951233
12.942405700683594
2.315253973007202
16.383262634277344
6.157052040100098
12.195290565490723
1.4564367532730103
12.944881439208984
2.315253973007202
16.383262634277344
6.157052040100098
12.195290565490723
1.4594593048095703
12.94731616973877
2.315253973007202
16.383262634277344
6.157052040100098
12.195290565490723
1.4624314308166504
12.94970989227295
2.315253973007202
16.383262634277344
6.157052040100098
12.195290565490723
1.4653539657592773
12.95206356048584
2.315253973007202
16.383262634277344
6.157052040100098
12.195290565490723
1.4682278633117676
12.954378128051758
2.315253973007202
16.383262634277344
6.157052040100098
12.195290565490723
1.4710538387298584
12.95665454864502
2.315253973007202
16.383262634277344
6.157052040100098
12.195290565490723
1.4738327264785767
12.958892822265625
2.315253973007202
16.383262634277344
6.157052040100098
12.195290565490723
1.4765652418136597
12.96109390258789
2.315253973007202
16.383262634277344
6.157052040100098
12.195290565490723
1.4792522192001343
12.963257789611816
2.315253973007202
16.383262634277344
6.157052040100098
12.195290565490723
1.4818944931030273
12.965386390686035
2.315253973007202
16.383262634277344
6.157052040100098
12.195290565490723
1.4844926595687866
12.96747875213623
2.315253973007202
16.383262634277344
6.157052040100098
12.195290565490723
1.487047553062439
12.969536781311035
2.315253973007202
16.383262634277344
6.157052040100098
12.195290565490723
1.4895598888397217
12.97156047821045
2.315253973007202
16.383262634277344
6.157052040100098
12.195290565490723
1.492030382156372
12.973549842834473
2.315253973007202
16.383262634277344
6.157052040100098
12.195290565490723
1.494459629058838
12.975506782531738
2.315253973007202
16.383262634277344
6.157052040100098
12.195290565490723
1.496848464012146
12.97743034362793
2.315253973007202
16.383262634277344
6.157052040100098
12.195290565490723
1.4991974830627441
12.97932243347168
2.315253973007202
16.383262634277344
6.157052040100098
12.195290565490723
1.50150728225708
12.981183052062988
2.315253973007202
16.383262634277344
6.157052040100098
12.195290565490723
1.5037785768508911
12.983012199401855
2.315253973007202
16.383262634277344
6.157052040100098
12.195290565490723
1.5060120820999146
12.984810829162598
2.315253973007202
16.383262634277344
6.157052040100098
12.195290565490723
1.5082082748413086
12.986579895019531
2.315253973007202
16.383262634277344
6.157052040100098
12.195290565490723
1.5103678703308105
12.988319396972656
2.315253973007202
16.383262634277344
6.157052040100098
12.195290565490723
1.5124914646148682
12.990030288696289
2.315253973007202
16.383262634277344
6.157052040100098
12.195290565490723
1.5145797729492188
12.99171257019043
2.315253973007202
16.383262634277344
6.157052040100098
12.195290565490723
1.5166332721710205
12.993366241455078
2.315253973007202
16.383262634277344
6.157052040100098
12.195290565490723
1.5186524391174316
12.99499225616455
2.315253973007202
16.383262634277344
6.157052040100098
12.195290565490723
1.5206379890441895
12.996591567993164
2.315253973007202
16.383262634277344
6.157052040100098
12.195290565490723
1.5225905179977417
12.998164176940918
2.315253973007202
16.383262634277344
6.157052040100098
12.195290565490723
1.5245105028152466
12.999711036682129
2.315253973007202
16.383262634277344
6.157052040100098
12.195290565490723
1.5263984203338623
13.00123119354248
2.315253973007202
16.383262634277344
6.157052040100098
12.195290565490723
1.5282548666000366
13.002726554870605
2.315253973007202
16.383262634277344
6.157052040100098
12.195290565490723
1.5300804376602173
13.004197120666504
2.315253973007202
16.383262634277344
6.157052040100098
12.195290565490723
1.531875491142273
13.005642890930176
2.315253973007202
16.383262634277344
6.157052040100098
12.195290565490723
1.5336406230926514
13.007064819335938
2.315253973007202
16.383262634277344
6.157052040100098
12.195290565490723
1.5353764295578003
13.008462905883789
2.315253973007202
16.383262634277344
6.157052040100098
12.195290565490723
1.5370832681655884
13.009838104248047
2.315253973007202
16.383262634277344
6.157052040100098
12.195290565490723
1.5387616157531738
13.011190414428711
2.315253973007202
16.383262634277344
6.157052040100098
12.195290565490723
1.5404120683670044
13.012519836425781
2.315253973007202
16.383262634277344
6.157052040100098
12.195290565490723
1.5420349836349487
13.013827323913574
2.315253973007202
16.383262634277344
6.157052040100098
12.195290565490723
1.543630838394165
13.01511287689209
2.315253973007202
16.383262634277344
6.157052040100098
12.195290565490723
1.5452001094818115
13.016376495361328
2.315253973007202
16.383262634277344
6.157052040100098
12.195290565490723
1.5467432737350464
13.017619132995605
2.315253973007202
16.383262634277344
6.157052040100098
12.195290565490723
1.5482606887817383
13.018841743469238
2.315253973007202
16.383262634277344
6.157052040100098
12.195290565490723
1.5497528314590454
13.02004337310791
2.315253973007202
16.383262634277344
6.157052040100098
12.195290565490723
1.5512200593948364
13.021224975585938
2.315253973007202
16.383262634277344
6.157052040100098
12.195290565490723
1.5526628494262695
13.022387504577637
2.315253973007202
16.383262634277344
6.157052040100098
12.195290565490723
1.5540815591812134
13.023530006408691
2.315253973007202
16.383262634277344
6.157052040100098
12.195290565490723
1.5554766654968262
13.024653434753418
2.315253973007202
16.383262634277344
6.157052040100098
12.195290565490723
1.5568485260009766
13.025758743286133
2.315253973007202
16.383262634277344
6.157052040100098
12.195290565490723
1.5581974983215332
13.02684497833252
2.315253973007202
16.383262634277344
6.157052040100098
12.195290565490723
1.5595239400863647
13.027913093566895
2.315253973007202
16.383262634277344
6.157052040100098
12.195290565490723
1.5608283281326294
13.028964042663574
2.315253973007202
16.383262634277344
6.157052040100098
12.195290565490723
1.5621110200881958
13.029996871948242
2.315253973007202
16.383262634277344
6.157052040100098
12.195290565490723
1.563372254371643
13.031012535095215
2.315253973007202
16.383262634277344
6.157052040100098
12.195290565490723
1.5646125078201294
13.032011032104492
2.315253973007202
16.383262634277344
6.157052040100098
12.195290565490723
1.5658321380615234
13.03299331665039
2.315253973007202
16.383262634277344
6.157052040100098
12.195290565490723
1.5670313835144043
13.03395938873291
2.315253973007202
16.383262634277344
6.157052040100098
12.195290565490723
1.5682106018066406
13.03490924835205
2.315253973007202
16.383262634277344
6.157052040100098
12.195290565490723
1.569370150566101
13.035842895507812
2.315253973007202
16.383262634277344
6.157052040100098
12.195290565490723
1.5705103874206543
13.036761283874512
2.315253973007202
16.383262634277344
6.157052040100098
12.195290565490723
1.571631669998169
13.037664413452148
2.315253973007202
16.383262634277344
6.157052040100098
12.195290565490723
1.5727342367172241
13.038552284240723
2.315253973007202
16.383262634277344
6.157052040100098
12.195290565490723
1.5738184452056885
13.03942584991455
2.315253973007202
16.383262634277344
6.157052040100098
12.195290565490723
1.5748845338821411
13.040284156799316
2.315253973007202
16.383262634277344
6.157052040100098
12.195290565490723
1.5759328603744507
13.041128158569336
2.315253973007202
16.383262634277344
6.157052040100098
12.195290565490723
1.5769637823104858
13.041958808898926
2.315253973007202
16.383262634277344
6.157052040100098
12.195290565490723
1.5779775381088257
13.04277515411377
2.315253973007202
16.383262634277344
6.157052040100098
12.195290565490723
1.5789743661880493
13.043578147888184
2.315253973007202
16.383262634277344
6.157052040100098
12.195290565490723
1.5799546241760254
13.044367790222168
2.315253973007202
16.383262634277344
6.157052040100098
12.195290565490723
1.580918550491333
13.045144081115723
2.315253973007202
16.383262634277344
6.157052040100098
12.195290565490723
1.5818663835525513
13.045907020568848
2.315253973007202
16.383262634277344
6.157052040100098
12.195290565490723
1.5827983617782593
13.04665756225586
2.315253973007202
16.383262634277344
6.157052040100098
12.195290565490723
1.5837148427963257
13.047395706176758
2.315253973007202
16.383262634277344
6.157052040100098
12.195290565490723
1.5846160650253296
13.048121452331543
2.315253973007202
16.383262634277344
6.157052040100098
12.195290565490723
1.58550226688385
13.048834800720215
2.315253973007202
16.383262634277344
6.157052040100098
12.195290565490723
1.5863736867904663
13.04953670501709
2.315253973007202
16.383262634277344
6.157052040100098
12.195290565490723
1.5872305631637573
13.050227165222168
2.315253973007202
16.383262634277344
6.157052040100098
12.195290565490723
1.5880731344223022
13.05090618133545
2.315253973007202
16.383262634277344
6.157052040100098
12.195290565490723
1.5889016389846802
13.051573753356934
2.315253973007202
16.383262634277344
6.157052040100098
12.195290565490723
1.5897164344787598
13.052229881286621
2.315253973007202
16.383262634277344
6.157052040100098
12.195290565490723
1.5905176401138306
13.052875518798828
2.315253973007202
16.383262634277344
6.157052040100098
12.195290565490723
1.5913054943084717
13.053509712219238
2.315253973007202
16.383262634277344
6.157052040100098
12.195290565490723
1.5920802354812622
13.054133415222168
2.315253973007202
16.383262634277344
6.157052040100098
12.195290565490723
1.5928419828414917
13.054746627807617
2.315253973007202
16.383262634277344
6.157052040100098
12.195290565490723
1.5935910940170288
13.055350303649902
2.315253973007202
16.383262634277344
6.157052040100098
12.195290565490723
1.594327688217163
13.055943489074707
2.315253973007202
16.383262634277344
6.157052040100098
12.195290565490723
1.5950520038604736
13.056527137756348
2.315253973007202
16.383262634277344
6.157052040100098
12.195290565490723
1.5957642793655396
13.057101249694824
2.315253973007202
16.383262634277344
6.157052040100098
12.195290565490723
1.5964646339416504
13.057665824890137
2.315253973007202
16.383262634277344
6.157052040100098
12.195290565490723
1.5971533060073853
13.058220863342285
2.315253973007202
16.383262634277344
6.157052040100098
12.195290565490723
1.5978305339813232
13.05876636505127
2.315253973007202
16.383262634277344
6.157052040100098
12.195290565490723
1.598496437072754
13.05930233001709
2.315253973007202
16.383262634277344
6.157052040100098
12.195290565490723
1.5991512537002563
13.059829711914062
2.315253973007202
16.383262634277344
6.157052040100098
12.195290565490723
1.5997952222824097
13.060348510742188
2.315253973007202
16.383262634277344
6.157052040100098
12.195290565490723
1.6004284620285034
13.060858726501465
2.315253973007202
16.383262634277344
6.157052040100098
12.195290565490723
1.6010510921478271
13.061360359191895
2.315253973007202
16.383262634277344
6.157052040100098
12.195290565490723
1.60166335105896
13.061853408813477
2.315253973007202
16.383262634277344
6.157052040100098
12.195290565490723
1.6022653579711914
13.062337875366211
2.315253973007202
16.383262634277344
6.157052040100098
12.195290565490723
1.6028573513031006
13.062814712524414
2.315253973007202
16.383262634277344
6.157052040100098
12.195290565490723
1.603439450263977
13.063283920288086
2.315253973007202
16.383262634277344
6.157052040100098
12.195290565490723
1.6040118932724
13.06374454498291
2.315253973007202
16.383262634277344
6.157052040100098
12.195290565490723
1.6045747995376587
13.064197540283203
2.315253973007202
16.383262634277344
6.157052040100098
12.195290565490723
1.605128288269043
13.064642906188965
2.315253973007202
16.383262634277344
6.157052040100098
12.195290565490723
1.6056725978851318
13.065081596374512
2.315253973007202
16.383262634277344
6.157052040100098
12.195290565490723
1.6062078475952148
13.065512657165527
2.315253973007202
16.383262634277344
6.157052040100098
12.195290565490723
1.6067341566085815
13.065937042236328
2.315253973007202
16.383262634277344
6.157052040100098
12.195290565490723
1.6072516441345215
13.066353797912598
2.315253973007202
16.383262634277344
6.157052040100098
12.195290565490723
1.6077605485916138
13.066763877868652
2.315253973007202
16.383262634277344
6.157052040100098
12.195290565490723
1.608260989189148
13.067167282104492
2.315253973007202
16.383262634277344
6.157052040100098
12.195290565490723
1.6087530851364136
13.067564010620117
2.315253973007202
16.383262634277344
6.157052040100098
12.195290565490723
1.6092369556427002
13.067954063415527
2.315253973007202
16.383262634277344
6.157052040100098
12.195290565490723
1.609712839126587
13.068337440490723
2.315253973007202
16.383262634277344
6.157052040100098
12.195290565490723
1.6101807355880737
13.068714141845703
2.315253973007202
16.383262634277344
6.157052040100098
12.195290565490723
1.6106408834457397
13.069085121154785
2.315253973007202
16.383262634277344
6.157052040100098
12.195290565490723
1.611093282699585
13.069449424743652
2.315253973007202
16.383262634277344
6.157052040100098
12.195290565490723
1.6115381717681885
13.069808006286621
2.315253973007202
16.383262634277344
6.157052040100098
12.195290565490723
1.6119756698608398
13.070159912109375
2.315253973007202
16.383262634277344
6.157052040100098
12.195290565490723
1.6124058961868286
13.07050609588623
2.315253973007202
16.383262634277344
6.157052040100098
12.195290565490723
1.6128289699554443
13.070846557617188
2.315253973007202
16.383262634277344
6.157052040100098
12.195290565490723
1.613244891166687
13.071181297302246
2.315253973007202
16.383262634277344
6.157052040100098
12.195290565490723
1.6136538982391357
13.071510314941406
2.315253973007202
16.383262634277344
6.157052040100098
12.195290565490723
1.61405611038208
13.071834564208984
2.315253973007202
16.383262634277344
6.157052040100098
12.195290565490723
1.6144516468048096
13.072153091430664
2.315253973007202
16.383262634277344
6.157052040100098
12.195290565490723
1.6148405075073242
13.072465896606445
2.315253973007202
16.383262634277344
6.157052040100098
12.195290565490723
1.6152229309082031
13.072773933410645
2.315253973007202
16.383262634277344
6.157052040100098
12.195290565490723
1.6155990362167358
13.073077201843262
2.315253973007202
16.383262634277344
6.157052040100098
12.195290565490723
1.6159688234329224
13.07337474822998
2.315253973007202
16.383262634277344
6.157052040100098
12.195290565490723
1.6163324117660522
13.073667526245117
2.315253973007202
16.383262634277344
6.157052040100098
12.195290565490723
1.6166900396347046
13.073955535888672
2.315253973007202
16.383262634277344
6.157052040100098
12.195290565490723
1.6170417070388794
13.074238777160645
2.315253973007202
16.383262634277344
6.157052040100098
12.195290565490723
1.6173874139785767
13.074517250061035
2.315253973007202
16.383262634277344
6.157052040100098
12.195290565490723
1.6177273988723755
13.074790954589844
2.315253973007202
16.383262634277344
6.157052040100098
12.195290565490723
1.6180617809295654
13.07505989074707
2.315253973007202
16.383262634277344
6.157052040100098
12.195290565490723
1.6183905601501465
13.075325012207031
2.315253973007202
16.383262634277344
6.157052040100098
12.195290565490723
1.6187138557434082
13.07558536529541
2.315253973007202
16.383262634277344
6.157052040100098
12.195290565490723
1.6190317869186401
13.075840950012207
2.315253973007202
16.383262634277344
6.157052040100098
12.195290565490723
1.6193443536758423
13.076092720031738
2.315253973007202
16.383262634277344
6.157052040100098
12.195290565490723
1.6196516752243042
13.076340675354004
2.315253973007202
16.383262634277344
6.157052040100098
12.195290565490723
1.6199538707733154
13.076583862304688
2.315253973007202
16.383262634277344
6.157052040100098
12.195290565490723
1.6202510595321655
13.076823234558105
2.315253973007202
16.383262634277344
6.157052040100098
12.195290565490723
1.620543360710144
13.077058792114258
2.315253973007202
16.383262634277344
6.157052040100098
12.195290565490723
1.620830774307251
13.077290534973145
2.315253973007202
16.383262634277344
6.157052040100098
12.195290565490723
1.6211134195327759
13.077518463134766
2.315253973007202
16.383262634277344
6.157052040100098
12.195290565490723
1.6213912963867188
13.077742576599121
2.315253973007202
16.383262634277344
6.157052040100098
12.195290565490723
1.6216645240783691
13.077962875366211
2.315253973007202
16.383262634277344
6.157052040100098
12.195290565490723
1.6219332218170166
13.078179359436035
2.315253973007202
16.383262634277344
6.157052040100098
12.195290565490723
1.6221973896026611
13.078392028808594
2.315253973007202
16.383262634277344
6.157052040100098
12.195290565490723
1.6224572658538818
13.078600883483887
2.315253973007202
16.383262634277344
6.157052040100098
12.195290565490723
1.6227127313613892
13.07880687713623
2.315253973007202
16.383262634277344
6.157052040100098
12.195290565490723
1.6229640245437622
13.079009056091309
2.315253973007202
16.383262634277344
6.157052040100098
12.195290565490723
1.6232110261917114
13.079208374023438
2.315253973007202
16.383262634277344
6.157052040100098
12.195290565490723
1.623453974723816
13.0794038772583
2.315253973007202
16.383262634277344
6.157052040100098
12.195290565490723
1.6236928701400757
13.079596519470215
2.315253973007202
16.383262634277344
6.157052040100098
12.195290565490723
1.6239277124404907
13.079785346984863
2.315253973007202
16.383262634277344
6.157052040100098
12.195290565490723
1.6241587400436401
13.079971313476562
2.315253973007202
16.383262634277344
6.157052040100098
12.195290565490723
1.6243858337402344
13.080154418945312
2.315253973007202
16.383262634277344
6.157052040100098
12.195290565490723
1.6246092319488525
13.080334663391113
2.315253973007202
16.383262634277344
6.157052040100098
12.195290565490723
1.624828815460205
13.080511093139648
2.315253973007202
16.383262634277344
6.157052040100098
12.195290565490723
1.625044822692871
13.080684661865234
2.315253973007202
16.383262634277344
6.157052040100098
12.195290565490723
1.625257134437561
13.080855369567871
2.315253973007202
16.383262634277344
6.157052040100098
12.195290565490723
1.625465989112854
13.081023216247559
2.315253973007202
16.383262634277344
6.157052040100098
12.195290565490723
1.62567138671875
13.081188201904297
2.315253973007202
16.383262634277344
6.157052040100098
12.195290565490723
1.625873327255249
13.081351280212402
2.315253973007202
16.383262634277344
6.157052040100098
12.195290565490723
1.6260719299316406
13.081511497497559
2.315253973007202
16.383262634277344
6.157052040100098
12.195290565490723
1.6262671947479248
13.081668853759766
2.315253973007202
16.383262634277344
6.157052040100098
12.195290565490723
1.6264592409133911
13.081823348999023
2.315253973007202
16.383262634277344
6.157052040100098
12.195290565490723
1.6266480684280396
13.081974983215332
2.315253973007202
16.383262634277344
6.157052040100098
12.195290565490723
1.6268336772918701
13.082124710083008
2.315253973007202
16.383262634277344
6.157052040100098
12.195290565490723
1.6270161867141724
13.082271575927734
2.315253973007202
16.383262634277344
6.157052040100098
12.195290565490723
1.6271957159042358
13.082416534423828
2.315253973007202
16.383262634277344
6.157052040100098
12.195290565490723
1.6273722648620605
13.082558631896973
2.315253973007202
16.383262634277344
6.157052040100098
12.195290565490723
1.6275458335876465
13.082698822021484
2.315253973007202
16.383262634277344
6.157052040100098
12.195290565490723
1.6277165412902832
13.082836151123047
2.315253973007202
16.383262634277344
6.157052040100098
12.195290565490723
1.6278843879699707
13.082971572875977
2.315253973007202
16.383262634277344
6.157052040100098
12.195290565490723
1.628049373626709
13.083104133605957
2.315253973007202
16.383262634277344
6.157052040100098
12.195290565490723
1.6282116174697876
13.083234786987305
2.315253973007202
16.383262634277344
6.157052040100098
12.195290565490723
1.628371238708496
13.08336353302002
2.315253973007202
16.383262634277344
6.157052040100098
12.195290565490723
1.628528118133545
13.083490371704102
2.315253973007202
16.383262634277344
6.157052040100098
12.195290565490723
1.6286823749542236
13.083614349365234
2.315253973007202
16.383262634277344
6.157052040100098
12.195290565490723
1.6288341283798218
13.083736419677734
2.315253973007202
16.383262634277344
6.157052040100098
12.195290565490723
1.6289833784103394
13.083856582641602
2.315253973007202
16.383262634277344
6.157052040100098
12.195290565490723
1.6291301250457764
13.083974838256836
2.315253973007202
16.383262634277344
6.157052040100098
12.195290565490723
1.6292743682861328
13.084091186523438
2.315253973007202
16.383262634277344
6.157052040100098
12.195290565490723
1.6294162273406982
13.084205627441406
2.315253973007202
16.383262634277344
6.157052040100098
12.195290565490723
1.6295557022094727
13.084318161010742
2.315253973007202
16.383262634277344
6.157052040100098
12.195290565490723
1.6296929121017456
13.084428787231445
2.315253973007202
16.383262634277344
6.157052040100098
12.195290565490723
1.629827857017517
13.084537506103516
2.315253973007202
16.383262634277344
6.157052040100098
12.195290565490723
1.629960536956787
13.084644317626953
2.315253973007202
16.383262634277344
6.157052040100098
12.195290565490723
1.6300909519195557
13.084749221801758
2.315253973007202
16.383262634277344
6.157052040100098
12.195290565490723
1.6302192211151123
13.08485221862793
2.315253973007202
16.383262634277344
6.157052040100098
12.195290565490723
1.630345344543457
13.084954261779785
2.315253973007202
16.383262634277344
6.157052040100098
12.195290565490723
1.6304693222045898
13.085054397583008
2.315253973007202
16.383262634277344
6.157052040100098
12.195290565490723
1.6305912733078003
13.085152626037598
2.315253973007202
16.383262634277344
6.157052040100098
12.195290565490723
1.6307111978530884
13.085248947143555
2.315253973007202
16.383262634277344
6.157052040100098
12.195290565490723
1.630829095840454
13.085344314575195
2.315253973007202
16.383262634277344
6.157052040100098
12.195290565490723
1.630945086479187
13.085437774658203
2.315253973007202
16.383262634277344
6.157052040100098
12.195290565490723
1.631059169769287
13.085529327392578
2.315253973007202
16.383262634277344
6.157052040100098
12.195290565490723
1.6311713457107544
13.085619926452637
2.315253973007202
16.383262634277344
6.157052040100098
12.195290565490723
1.6312816143035889
13.085708618164062
2.315253973007202
16.383262634277344
6.157052040100098
12.195290565490723
1.63139009475708
13.085796356201172
2.315253973007202
16.383262634277344
6.157052040100098
12.195290565490723
1.6314966678619385
13.085882186889648
2.315253973007202
16.383262634277344
6.157052040100098
12.195290565490723
1.6316014528274536
13.085967063903809
2.315253973007202
16.383262634277344
6.157052040100098
12.195290565490723
1.631704568862915
13.086050033569336
2.315253973007202
16.383262634277344
6.157052040100098
12.195290565490723
1.6318058967590332
13.086132049560547
2.315253973007202
16.383262634277344
6.157052040100098
12.195290565490723
1.6319055557250977
13.086212158203125
2.315253973007202
16.383262634277344
6.157052040100098
12.195290565490723
1.6320035457611084
13.086291313171387
2.315253973007202
16.383262634277344
6.157052040100098
12.195290565490723
1.632099986076355
13.086368560791016
2.315253973007202
16.383262634277344
6.157052040100098
12.195290565490723
1.6321947574615479
13.086444854736328
2.315253973007202
16.383262634277344
6.157052040100098
12.195290565490723
1.6322879791259766
13.086520195007324
2.315253973007202
16.383262634277344
6.157052040100098
12.195290565490723
1.6323796510696411
13.086593627929688
2.315253973007202
16.383262634277344
6.157052040100098
12.195290565490723
1.6324697732925415
13.086666107177734
2.315253973007202
16.383262634277344
6.157052040100098
12.195290565490723
1.6325583457946777
13.086737632751465
2.315253973007202
16.383262634277344
6.157052040100098
12.195290565490723
1.6326454877853394
13.086808204650879
2.315253973007202
16.383262634277344
6.157052040100098
12.195290565490723
1.6327311992645264
13.08687686920166
2.315253973007202
16.383262634277344
6.157052040100098
12.195290565490723
1.6328154802322388
13.086944580078125
2.315253973007202
16.383262634277344
6.157052040100098
12.195290565490723
1.6328983306884766
13.087011337280273
2.315253973007202
16.383262634277344
6.157052040100098
12.195290565490723
1.6329797506332397
13.087077140808105
2.315253973007202
16.383262634277344
6.157052040100098
12.195290565490723
1.6330598592758179
13.087141990661621
2.315253973007202
16.383262634277344
6.157052040100098
12.195290565490723
1.633138656616211
13.08720588684082
2.315253973007202
16.383262634277344
