8.120400428771973
15.461252212524414
4.189353942871094
4.040782928466797
7.789746284484863
9.556445121765137
6.76015043258667
13.995059967041016
4.189353942871094
4.040782928466797
7.789746284484863
9.556445121765137
5.422571182250977
12.553304672241211
4.189353942871094
4.040782928466797
7.789746284484863
9.556445121765137
4.107285022735596
11.135578155517578
4.189353942871094
4.040782928466797
7.789746284484863
9.556445121765137
2.813920021057129
9.741480827331543
4.189353942871094
4.040782928466797
7.789746284484863
9.556445121765137
1.5421111583709717
8.370617866516113
4.189353942871094
4.040782928466797
7.789746284484863
9.556445121765137
1.3567113876342773
7.276217937469482
4.189353942871094
4.040782928466797
7.789746284484863
9.556445121765137
1.9715957641601562
6.394006729125977
4.189353942871094
4.040782928466797
7.789746284484863
9.556445121765137
2.5762319564819336
5.526499271392822
4.189353942871094
4.040782928466797
7.789746284484863
9.556445121765137
2.7370188236236572
5.098700046539307
4.6231255531311035
3.615532875061035
7.789746284484863
9.556445121765137
2.7893013954162598
4.782194137573242
5.155492782592773
3.0932068824768066
7.789746284484863
9.556445121765137
2.840712547302246
4.470963478088379
5.6789870262146
2.5795865058898926
7.789746284484863
9.556445121765137
2.8912668228149414
4.164919853210449
6.193756580352783
2.074526309967041
7.789746284484863
9.556445121765137
2.940978527069092
3.8639769554138184
6.2955708503723145
1.980574369430542
7.789746284484863
9.556445121765137
2.9898617267608643
3.568049907684326
6.052164554595947
2.230227470397949
7.789746284484863
9.556445121765137
3.0379302501678467
3.277055025100708
5.812815189361572
2.475719690322876
7.789746284484863
9.556445121765137
3.085197687149048
2.990910053253174
5.577455043792725
2.717120409011841
7.789746284484863
9.556445121765137
3.1316771507263184
2.709534168243408
5.346017360687256
2.954497814178467
7.789746284484863
9.556445121765137
3.177381992340088
2.432847738265991
5.11843729019165
3.1879189014434814
7.789746284484863
9.556445121765137
3.241706609725952
2.1913795471191406
4.894649982452393
3.417449712753296
7.789746284484863
9.556445121765137
3.3717856407165527
2.140493154525757
4.70408296585083
3.6461455821990967
7.789746284484863
9.556445121765137
3.4514427185058594
2.0932445526123047
4.564945697784424
3.8682398796081543
7.789746284484863
9.556445121765137
3.5297722816467285
2.046783447265625
4.428127288818359
4.08663272857666
7.789746284484863
9.556445121765137
3.6067962646484375
2.001096725463867
4.293589115142822
4.301385879516602
7.789746284484863
9.556445121765137
3.6825366020202637
1.9561713933944702
4.1612935066223145
4.512559413909912
7.789746284484863
9.556445121765137
3.757014513015747
1.9119948148727417
4.031202793121338
4.720213413238525
7.789746284484863
9.556445121765137
3.8302512168884277
1.8685545921325684
3.903280258178711
4.9244065284729
7.789746284484863
9.556445121765137
3.9022672176361084
1.825838327407837
3.77748966217041
5.12519645690918
7.789746284484863
9.556445121765137
3.973083019256592
1.7838339805603027
3.6537954807281494
5.3226399421691895
7.789746284484863
9.556445121765137
4.042718410491943
1.7425297498703003
3.53216290473938
5.5167927742004395
7.789746284484863
9.556445121765137
4.1111931800842285
1.7019139528274536
3.412557601928711
5.707709789276123
7.789746284484863
9.556445121765137
4.178526878356934
1.6619750261306763
3.29494571685791
5.895444869995117
7.789746284484863
9.556445121765137
4.2447381019592285
1.6227017641067505
3.1792941093444824
6.080050945281982
7.789746284484863
9.556445121765137
4.309845924377441
1.584083080291748
3.0655698776245117
6.261580467224121
7.789746284484863
9.556445121765137
4.373868942260742
1.5461080074310303
2.9537410736083984
6.440084457397461
7.789746284484863
9.556445121765137
4.436824798583984
1.5087658166885376
2.843776226043701
6.6156134605407715
7.789746284484863
9.556445121765137
4.4987311363220215
1.4720460176467896
2.7356441020965576
6.788216590881348
7.789746284484863
9.556445121765137
4.559606075286865
1.4359382390975952
2.6293141841888428
6.957942962646484
7.789746284484863
9.556445121765137
4.619466304779053
1.4004322290420532
2.52475643157959
7.12484073638916
7.789746284484863
9.556445121765137
4.678328990936279
1.3655179738998413
2.4219412803649902
7.288957118988037
7.789746284484863
9.556445121765137
4.736210346221924
1.3311856985092163
2.3208396434783936
7.450337886810303
7.789746284484863
9.556445121765137
4.793127059936523
1.297425627708435
2.2214231491088867
7.609029293060303
7.789746284484863
9.556445121765137
4.849095344543457
1.2642282247543335
2.1236634254455566
7.76507568359375
7.789746284484863
9.556445121765137
4.904130458831787
1.231584072113037
2.0275330543518066
7.918521404266357
7.789746284484863
9.556445121765137
4.958248615264893
1.1994839906692505
1.9330048561096191
8.069409370422363
7.789746284484863
9.556445121765137
5.011464595794678
1.1679189205169678
1.8400521278381348
8.217782974243164
7.789746284484863
9.556445121765137
5.063793659210205
1.1368799209594727
1.7486486434936523
8.363683700561523
7.789746284484863
9.556445121765137
5.115250587463379
1.106358289718628
1.6587685346603394
8.507152557373047
7.789746284484863
9.556445121765137
5.1658501625061035
1.0763453245162964
1.5703864097595215
8.64823055267334
7.789746284484863
9.556445121765137
5.215606212615967
1.04683256149292
1.4834773540496826
8.786956787109375
7.789746284484863
9.556445121765137
5.264533042907715
1.01781165599823
1.3980168104171753
8.923371315002441
7.789746284484863
9.556445121765137
5.309415817260742
1.0078237056732178
1.3139805793762207
9.057512283325195
7.789746284484863
9.556445121765137
5.340902328491211
1.0218545198440552
1.2313449382781982
9.189416885375977
7.789746284484863
9.556445121765137
5.371864318847656
1.035651445388794
1.150086522102356
9.319123268127441
7.789746284484863
9.556445121765137
5.402309894561768
1.0492184162139893
1.0701824426651
9.446667671203613
7.789746284484863
9.556445121765137
5.432248115539551
1.0625592470169067
1.0066558122634888
9.570276260375977
7.789746284484863
9.556445121765137
5.4616875648498535
1.075677752494812
1.0452872514724731
9.65235710144043
7.789746284484863
9.556445121765137
5.490636348724365
1.0885776281356812
1.0832748413085938
9.73306941986084
7.789746284484863
9.556445121765137
5.519102573394775
1.1012625694274902
1.1206293106079102
9.812437057495117
7.789746284484863
9.556445121765137
5.547094345092773
1.1137360334396362
1.1573611497879028
9.890481948852539
7.789746284484863
9.556445121765137
5.574619770050049
1.1260015964508057
1.1934808492660522
9.967226028442383
7.789746284484863
9.556445121765137
5.601686477661133
1.1380627155303955
1.2289985418319702
10.042691230773926
7.789746284484863
9.556445121765137
5.628302097320557
1.1499228477478027
1.263924241065979
10.116898536682129
7.789746284484863
9.556445121765137
5.654473781585693
1.1615853309631348
1.2982678413391113
10.189868927001953
7.789746284484863
9.556445121765137
5.680209636688232
1.1730533838272095
1.3320389986038208
10.26162338256836
7.789746284484863
9.556445121765137
5.705516338348389
1.1843303442001343
1.365247368812561
10.332181930541992
7.789746284484863
9.556445121765137
5.730401039123535
1.1954193115234375
1.397902250289917
10.401564598083496
7.789746284484863
9.556445121765137
5.754871368408203
1.206323504447937
1.430012822151184
10.4697904586792
7.789746284484863
9.556445121765137
5.778933525085449
1.2170460224151611
1.4615882635116577
10.536879539489746
7.789746284484863
9.556445121765137
5.8025946617126465
1.227589726448059
1.4926373958587646
10.602849960327148
7.789746284484863
9.556445121765137
5.816527843475342
1.2415229082107544
1.5231691598892212
10.667720794677734
7.789746284484863
9.556445121765137
5.830228805541992
1.2552238702774048
1.5531920194625854
10.731511116027832
7.789746284484863
9.556445121765137
5.843701362609863
1.2686965465545654
1.5827144384384155
10.794238090515137
7.789746284484863
9.556445121765137
5.856949329376221
1.2819446325302124
1.6117448806762695
10.85591983795166
7.789746284484863
9.556445121765137
5.86997652053833
1.2949719429016113
1.640291452407837
10.916573524475098
7.789746284484863
9.556445121765137
5.882786750793457
1.3077820539474487
1.6683622598648071
10.976216316223145
7.789746284484863
9.556445121765137
5.895383358001709
1.3203786611557007
1.6959651708602905
11.03486442565918
7.789746284484863
9.556445121765137
5.907770156860352
1.3327653408050537
1.7231080532073975
11.092535018920898
7.789746284484863
9.556445121765137
5.919950485229492
1.3449456691741943
1.7497985363006592
11.149245262145996
7.789746284484863
9.556445121765137
5.931927680969238
1.35692298412323
1.776044249534607
11.205010414123535
7.789746284484863
9.556445121765137
5.9437055587768555
1.368700623512268
1.8018524646759033
11.259845733642578
7.789746284484863
9.556445121765137
5.955286979675293
1.380281925201416
1.8272305727005005
11.313767433166504
7.789746284484863
9.556445121765137
5.966675281524658
1.3916702270507812
1.8521857261657715
11.366789817810059
7.789746284484863
9.556445121765137
5.977873802185059
1.4028687477111816
1.8767249584197998
11.418929100036621
7.789746284484863
9.556445121765137
5.988885879516602
1.4138805866241455
1.9008551836013794
11.470198631286621
7.789746284484863
9.556445121765137
5.999714374542236
1.4247089624404907
1.9245833158493042
11.520613670349121
7.789746284484863
9.556445121765137
6.010362148284912
1.435356855392456
1.9479159116744995
11.570188522338867
7.789746284484863
9.556445121765137
6.020832538604736
1.4458272457122803
1.9708596467971802
11.618937492370605
7.789746284484863
9.556445121765137
6.031128406524658
1.4561231136322021
1.993420958518982
11.666873931884766
7.789746284484863
9.556445121765137
6.041252613067627
1.4662474393844604
2.015606164932251
11.714011192321777
7.789746284484863
9.556445121765137
6.051208019256592
1.4762029647827148
2.037421703338623
11.76036262512207
7.789746284484863
9.556445121765137
6.060997486114502
1.4859925508499146
2.0588736534118652
11.805941581726074
7.789746284484863
9.556445121765137
6.070623874664307
1.4956190586090088
2.079967975616455
11.850761413574219
7.789746284484863
9.556445121765137
6.080090045928955
1.5050851106643677
2.100710868835449
11.894834518432617
7.789746284484863
9.556445121765137
6.089398384094238
1.5143933296203613
2.121108055114746
11.938172340393066
7.789746284484863
9.556445121765137
6.0985517501831055
1.5235464572906494
2.141165256500244
11.980788230895996
7.789746284484863
9.556445121765137
6.107552528381348
1.5325469970703125
2.160888195037842
12.022693634033203
7.789746284484863
9.556445121765137
6.116403102874756
1.5413975715637207
2.1802823543548584
12.0639009475708
7.789746284484863
9.556445121765137
6.125106334686279
1.5501006841659546
2.1993532180786133
12.104421615600586
7.789746284484863
9.556445121765137
6.133664131164551
1.5586587190628052
2.218106269836426
12.144267082214355
7.789746284484863
9.556445121765137
6.1420793533325195
1.5670740604400635
2.236546754837036
12.18344783782959
7.789746284484863
9.556445121765137
6.150354385375977
1.57534921169281
2.2546799182891846
12.221975326538086
7.789746284484863
9.556445121765137
6.158491611480713
1.5834864377975464
2.2725110054016113
12.25986099243164
7.789746284484863
9.556445121765137
6.1664934158325195
1.591488003730774
2.2900447845458984
12.297115325927734
7.789746284484863
9.556445121765137
6.174361705780029
1.5993561744689941
2.307286262512207
12.333748817443848
7.789746284484863
9.556445121765137
6.182098865509033
1.6070932149887085
2.3242404460906982
12.369771957397461
7.789746284484863
9.556445121765137
6.189706802368164
1.6147013902664185
2.340912103652954
12.405194282531738
7.789746284484863
9.556445121765137
6.197187900543213
1.6221827268600464
2.3573060035705566
12.44002628326416
7.789746284484863
9.556445121765137
6.204544544219971
1.6295393705368042
2.373426675796509
12.47427749633789
7.789746284484863
9.556445121765137
6.21177864074707
1.6367733478546143
2.3892786502838135
12.50795841217041
7.789746284484863
9.556445121765137
6.2188920974731445
1.6438868045806885
2.4048664569854736
12.541077613830566
7.789746284484863
9.556445121765137
6.225886821746826
1.6508817672729492
2.420194387435913
12.573644638061523
7.789746284484863
9.556445121765137
6.232765197753906
1.6577601432800293
2.4352667331695557
12.605669021606445
7.789746284484863
9.556445121765137
6.239528656005859
1.6645238399505615
2.4500880241394043
12.637160301208496
7.789746284484863
9.556445121765137
6.246179580688477
1.6711747646331787
2.4646623134613037
12.668126106262207
7.789746284484863
9.556445121765137
6.252719879150391
1.6777148246765137
2.4789936542510986
12.698575973510742
7.789746284484863
9.556445121765137
6.259150981903076
1.6841459274291992
2.493086099624634
12.72851848602295
7.789746284484863
9.556445121765137
6.265474796295166
1.6904698610305786
2.506943702697754
12.757962226867676
7.789746284484863
9.556445121765137
6.271693229675293
1.6966884136199951
2.5205702781677246
12.786914825439453
7.789746284484863
9.556445121765137
6.27780818939209
1.7028032541275024
2.5339698791503906
12.815384864807129
7.789746284484863
9.556445121765137
6.283821105957031
1.7088161706924438
2.5471460819244385
12.84338092803955
7.789746284484863
9.556445121765137
6.28973388671875
1.7147289514541626
2.560102701187134
12.870909690856934
7.789746284484863
9.556445121765137
6.295547962188721
1.7205431461334229
2.572843313217163
12.897979736328125
7.789746284484863
9.556445121765137
6.301265239715576
1.7262604236602783
2.585371494293213
12.924598693847656
7.789746284484863
9.556445121765137
6.306887149810791
1.7318824529647827
2.597691059112549
12.950774192810059
7.789746284484863
9.556445121765137
6.312415599822998
1.7374107837677002
2.609805107116699
12.976512908935547
7.789746284484863
9.556445121765137
6.317851543426514
1.742846965789795
2.6217174530029297
13.001823425292969
7.789746284484863
9.556445121765137
6.323196887969971
1.748192548751831
2.6334311962127686
13.026711463928223
7.789746284484863
9.556445121765137
6.328453540802002
1.7534490823745728
2.6449496746063232
13.05118465423584
7.789746284484863
9.556445121765137
6.333622455596924
1.7586179971694946
2.656276226043701
13.075250625610352
7.789746284484863
9.556445121765137
6.338705062866211
1.7637007236480713
2.6674139499664307
13.098915100097656
7.789746284484863
9.556445121765137
6.343703269958496
1.7686986923217773
2.67836594581604
13.122185707092285
7.789746284484863
9.556445121765137
6.348618030548096
1.773613452911377
2.6891355514526367
13.145068168640137
7.789746284484863
9.556445121765137
6.353450775146484
1.7784461975097656
2.69972562789917
13.167569160461426
7.789746284484863
9.556445121765137
6.358202934265137
1.7831984758377075
2.710139274597168
13.189695358276367
7.789746284484863
9.556445121765137
6.362875938415527
1.7878714799880981
2.72037935256958
13.21145248413086
7.789746284484863
9.556445121765137
6.367471218109131
1.792466640472412
2.7304487228393555
13.232847213745117
7.789746284484863
9.556445121765137
6.371989727020264
1.7969852685928345
2.7403502464294434
13.253885269165039
7.789746284484863
9.556445121765137
6.3764328956604
1.8014285564422607
2.750086784362793
13.274572372436523
7.789746284484863
9.556445121765137
6.380802154541016
1.805797815322876
2.7596609592437744
13.294915199279785
7.789746284484863
9.556445121765137
6.385098457336426
1.8100942373275757
2.769075632095337
13.314918518066406
7.789746284484863
9.556445121765137
6.3893232345581055
1.8143190145492554
2.7783334255218506
13.334589004516602
7.789746284484863
9.556445121765137
6.393477439880371
1.8184733390808105
2.7874369621276855
13.353931427001953
7.789746284484863
9.556445121765137
6.397562503814697
1.8225585222244263
2.796388626098633
13.37295150756836
7.789746284484863
9.556445121765137
6.4015793800354
1.826575517654419
2.8051912784576416
13.391654014587402
7.789746284484863
9.556445121765137
6.405529499053955
1.8305256366729736
2.813847064971924
13.410045623779297
7.789746284484863
9.556445121765137
6.409413814544678
1.8344099521636963
2.8223586082458496
13.428130149841309
7.789746284484863
9.556445121765137
6.413233280181885
1.8382295370101929
2.83072829246521
13.445913314819336
7.789746284484863
9.556445121765137
6.416989326477051
1.8419854640960693
2.838958501815796
13.463399887084961
7.789746284484863
9.556445121765137
6.420682430267334
1.845678687095642
2.8470516204833984
13.480595588684082
7.789746284484863
9.556445121765137
6.424314022064209
1.8493103981018066
2.8550097942352295
13.497504234313965
7.789746284484863
9.556445121765137
6.427885055541992
1.8528815507888794
2.86283540725708
13.514131546020508
7.789746284484863
9.556445121765137
6.431396961212158
1.8563932180404663
2.870530605316162
13.530481338500977
7.789746284484863
9.556445121765137
6.434850215911865
1.8598463535308838
2.8780975341796875
13.546558380126953
7.789746284484863
9.556445121765137
6.43824577331543
1.8632419109344482
2.885538339614868
13.56236743927002
7.789746284484863
9.556445121765137
6.441584587097168
1.8665809631347656
2.892855167388916
13.577913284301758
7.789746284484863
9.556445121765137
6.444868087768555
1.8698643445968628
2.900049924850464
13.593199729919434
7.789746284484863
9.556445121765137
6.448096752166748
1.8730930089950562
2.9071247577667236
13.608231544494629
7.789746284484863
9.556445121765137
6.4512715339660645
1.8762677907943726
2.9140818119049072
13.623013496398926
7.789746284484863
9.556445121765137
6.45439338684082
1.8793896436691284
2.9209227561950684
13.637548446655273
7.789746284484863
9.556445121765137
6.457463264465332
1.8824595212936401
2.927649736404419
13.651841163635254
7.789746284484863
9.556445121765137
6.460482120513916
1.8854782581329346
2.934264659881592
13.665895462036133
7.789746284484863
9.556445121765137
6.4634504318237305
1.8884466886520386
2.9407691955566406
13.679716110229492
7.789746284484863
9.556445121765137
6.466369152069092
1.891365647315979
2.9471654891967773
13.693305969238281
7.789746284484863
9.556445121765137
6.469239234924316
1.8942359685897827
2.9534552097320557
13.706669807434082
7.789746284484863
9.556445121765137
6.472061634063721
1.897058367729187
2.9596400260925293
13.719810485839844
7.789746284484863
9.556445121765137
6.474836826324463
1.8998337984085083
2.965721607208252
13.732732772827148
7.789746284484863
9.556445121765137
6.477565765380859
1.9025629758834839
2.9717018604278564
13.745439529418945
7.789746284484863
9.556445121765137
6.480249404907227
1.905246615409851
2.9775824546813965
13.7579345703125
7.789746284484863
9.556445121765137
6.482888221740723
1.9078855514526367
2.983365058898926
13.770220756530762
7.789746284484863
9.556445121765137
6.485483169555664
1.9104804992675781
2.989051342010498
13.782302856445312
7.789746284484863
9.556445121765137
6.488034725189209
1.9130321741104126
2.994642734527588
13.794182777404785
7.789746284484863
9.556445121765137
6.490543842315674
1.9155412912368774
3.000141143798828
13.805865287780762
7.789746284484863
9.556445121765137
6.493010997772217
1.9180086851119995
3.0055477619171143
13.817353248596191
7.789746284484863
9.556445121765137
6.495437145233154
1.9204349517822266
3.0108642578125
13.828649520874023
7.789746284484863
9.556445121765137
6.4978227615356445
1.9228206872940063
3.016092300415039
13.839757919311523
7.789746284484863
9.556445121765137
6.500168800354004
1.9251667261123657
3.021233081817627
13.850680351257324
7.789746284484863
9.556445121765137
6.502475738525391
1.9274736642837524
3.0262882709503174
13.861420631408691
7.789746284484863
9.556445121765137
6.504744052886963
1.9297420978546143
3.031259059906006
13.87198257446289
7.789746284484863
9.556445121765137
6.506974697113037
1.9319727420806885
3.036147117614746
13.882368087768555
7.789746284484863
9.556445121765137
6.5091681480407715
1.9341661930084229
3.0409536361694336
13.89258098602295
7.789746284484863
9.556445121765137
6.511324882507324
1.9363231658935547
3.045680046081543
13.902623176574707
7.789746284484863
9.556445121765137
6.513445854187012
1.9384441375732422
3.050327777862549
13.912498474121094
7.789746284484863
9.556445121765137
6.515531539916992
1.9405298233032227
3.0548980236053467
13.922208786010742
7.789746284484863
9.556445121765137
6.517582416534424
1.9425806999206543
3.059391975402832
13.931756973266602
7.789746284484863
9.556445121765137
6.519598960876465
1.9445973634719849
3.0638110637664795
13.941146850585938
7.789746284484863
9.556445121765137
6.521582126617432
1.946580410003662
3.0681564807891846
13.950379371643066
7.789746284484863
9.556445121765137
6.523532390594482
1.9485304355621338
3.072429656982422
13.959458351135254
7.789746284484863
9.556445121765137
6.525449752807617
1.950447916984558
3.076631546020508
13.968385696411133
7.789746284484863
9.556445121765137
6.527335166931152
1.9523334503173828
3.080763339996338
13.977164268493652
7.789746284484863
9.556445121765137
6.529189109802246
1.9541876316070557
3.0848262310028076
13.985796928405762
7.789746284484863
9.556445121765137
6.531012535095215
1.9560108184814453
3.0888214111328125
13.994285583496094
7.789746284484863
9.556445121765137
6.532805442810059
1.957803726196289
3.092750072479248
14.002633094787598
7.789746284484863
9.556445121765137
6.5345683097839355
1.9595667123794556
3.0966131687164307
14.010841369628906
7.789746284484863
9.556445121765137
6.536302089691162
1.961300253868103
3.100411891937256
14.018912315368652
7.789746284484863
9.556445121765137
6.538006782531738
1.9630049467086792
3.104147434234619
14.026848793029785
7.789746284484863
9.556445121765137
6.539682865142822
1.9646812677383423
3.107820749282837
14.034653663635254
7.789746284484863
9.556445121765137
6.5413312911987305
1.966329574584961
3.1114327907562256
14.042327880859375
7.789746284484863
9.556445121765137
6.542952060699463
1.967950463294983
3.1149845123291016
14.049874305725098
7.789746284484863
9.556445121765137
6.544546127319336
1.9695442914962769
3.1184771060943604
14.057294845581055
7.789746284484863
9.556445121765137
6.54611349105835
1.971111536026001
3.1219115257263184
14.064592361450195
7.789746284484863
9.556445121765137
6.547654628753662
1.9726526737213135
3.125288724899292
14.071767807006836
7.789746284484863
9.556445121765137
6.549170017242432
1.9741681814193726
3.1286096572875977
14.078824043273926
7.789746284484863
9.556445121765137
6.550660133361816
1.9756584167480469
3.1318752765655518
14.085762023925781
7.789746284484863
9.556445121765137
6.552125453948975
1.9771238565444946
3.1350862979888916
14.092584609985352
7.789746284484863
9.556445121765137
6.5535664558410645
1.9785648584365845
3.1382439136505127
14.09929370880127
7.789746284484863
9.556445121765137
6.554983615875244
1.979981780052185
3.1413488388061523
14.105891227722168
7.789746284484863
9.556445121765137
6.556376934051514
1.9813750982284546
3.144402027130127
14.112378120422363
7.789746284484863
9.556445121765137
6.557746887207031
1.9827451705932617
3.147404432296753
14.118757247924805
7.789746284484863
9.556445121765137
6.559093952178955
1.9840924739837646
3.1503567695617676
14.125029563903809
7.789746284484863
9.556445121765137
6.560418605804443
1.9854172468185425
3.153259754180908
14.131197929382324
7.789746284484863
9.556445121765137
6.561721324920654
1.9867199659347534
3.156114339828491
14.137263298034668
7.789746284484863
9.556445121765137
6.563002586364746
1.9880009889602661
3.158921480178833
14.143227577209473
7.789746284484863
9.556445121765137
6.564262390136719
1.9892606735229492
3.161681890487671
14.149092674255371
7.789746284484863
9.556445121765137
6.5655012130737305
1.9904993772506714
3.164396286010742
14.15485954284668
7.789746284484863
9.556445121765137
6.566719055175781
1.9917174577713013
3.167065382003784
14.160531044006348
7.789746284484863
9.556445121765137
6.5679168701171875
1.992915153503418
3.169689893722534
14.166107177734375
7.789746284484863
9.556445121765137
6.569094657897949
1.9940929412841797
3.1722707748413086
14.171590805053711
7.789746284484863
9.556445121765137
6.570252895355225
1.9952510595321655
3.1748085021972656
14.176982879638672
7.789746284484863
9.556445121765137
6.571391582489014
1.9963898658752441
3.1773040294647217
14.18228530883789
7.789746284484863
9.556445121765137
6.572511672973633
1.9975097179412842
3.179758071899414
14.187499046325684
7.789746284484863
9.556445121765137
6.573612689971924
1.9986109733581543
3.182171106338501
14.192625999450684
7.789746284484863
9.556445121765137
6.574695587158203
1.9996938705444336
3.1845438480377197
14.197668075561523
7.789746284484863
9.556445121765137
6.575760364532471
2.000758647918701
3.1868772506713867
14.202625274658203
7.789746284484863
9.556445121765137
6.576807498931885
2.0018057823181152
3.189171552658081
14.207500457763672
7.789746284484863
9.556445121765137
6.577836990356445
2.002835273742676
3.191427707672119
14.212294578552246
7.789746284484863
9.556445121765137
6.5788493156433105
2.003847599029541
3.193646192550659
14.217008590698242
7.789746284484863
9.556445121765137
6.579844951629639
2.004843235015869
3.1958277225494385
14.221643447875977
7.789746284484863
9.556445121765137
6.58082389831543
2.00582218170166
3.1979730129241943
14.226201057434082
7.789746284484863
9.556445121765137
6.581786632537842
2.0067849159240723
3.200082540512085
14.230683326721191
7.789746284484863
9.556445121765137
6.582733154296875
2.0077314376831055
3.2021567821502686
14.235090255737305
7.789746284484863
9.556445121765137
6.5836639404296875
2.008662223815918
3.2041964530944824
14.239423751831055
7.789746284484863
9.556445121765137
6.5845794677734375
2.009577512741089
3.206202268600464
14.243685722351074
7.789746284484863
9.556445121765137
6.585479736328125
2.0104775428771973
3.208174467086792
14.247876167297363
7.789746284484863
9.556445121765137
6.58636474609375
2.0113625526428223
3.210114002227783
14.251996994018555
7.789746284484863
9.556445121765137
6.587234973907471
2.012232780456543
3.2120211124420166
14.256049156188965
7.789746284484863
9.556445121765137
6.588090896606445
2.0130887031555176
3.2138965129852295
14.26003360748291
7.789746284484863
9.556445121765137
6.588932514190674
2.013930320739746
3.21574068069458
14.263951301574707
7.789746284484863
9.556445121765137
6.589759826660156
2.0147578716278076
3.2175540924072266
14.267804145812988
7.789746284484863
9.556445121765137
6.590573787689209
2.0155715942382812
3.219337224960327
14.27159309387207
7.789746284484863
9.556445121765137
6.591373920440674
2.016371726989746
3.22109055519104
14.275318145751953
7.789746284484863
9.556445121765137
6.592160701751709
2.0171585083007812
3.2228147983551025
14.27898120880127
7.789746284484863
9.556445121765137
6.592934608459473
2.017932176589966
3.2245101928710938
14.282583236694336
7.789746284484863
9.556445121765137
6.593695640563965
2.018692970275879
3.226177453994751
14.286125183105469
7.789746284484863
9.556445121765137
6.5944437980651855
2.0194411277770996
3.2278168201446533
14.289608001708984
7.789746284484863
9.556445121765137
6.595179557800293
2.020176887512207
3.229429006576538
14.293033599853516
7.789746284484863
9.556445121765137
6.595902919769287
2.020900249481201
3.2310142517089844
14.296401977539062
7.789746284484863
9.556445121765137
6.596614360809326
2.0216116905212402
3.2325730323791504
14.299714088439941
7.789746284484863
9.556445121765137
6.59731388092041
2.022311210632324
3.2341058254241943
14.302970886230469
7.789746284484863
9.556445121765137
6.598001956939697
2.0229990482330322
3.2356131076812744
14.306173324584961
7.789746284484863
9.556445121765137
6.598678112030029
2.0236754417419434
3.237095355987549
14.309322357177734
7.789746284484863
9.556445121765137
6.599343299865723
2.0243406295776367
3.2385528087615967
14.312418937683105
7.789746284484863
9.556445121765137
6.599997520446777
2.0249946117401123
3.239985942840576
14.31546401977539
7.789746284484863
9.556445121765137
6.600640773773193
2.025637626647949
3.2413952350616455
14.318458557128906
7.789746284484863
9.556445121765137
6.601273059844971
2.0262699127197266
3.242780923843384
14.321402549743652
7.789746284484863
9.556445121765137
6.601894855499268
2.0268917083740234
3.244143486022949
14.324297904968262
7.789746284484863
9.556445121765137
6.602506160736084
2.027503252029419
3.2454833984375
14.327144622802734
7.789746284484863
9.556445121765137
6.603107452392578
2.028104543685913
3.2468011379241943
14.329944610595703
7.789746284484863
9.556445121765137
6.60369873046875
2.028695821762085
3.2480967044830322
14.332697868347168
7.789746284484863
9.556445121765137
6.6042799949646
2.0292773246765137
3.249370813369751
14.335405349731445
7.789746284484863
9.556445121765137
6.604851722717285
2.029849052429199
3.2506237030029297
14.338067054748535
7.789746284484863
9.556445121765137
6.605413913726807
2.0304112434387207
3.2518556118011475
14.34068489074707
7.789746284484863
9.556445121765137
6.605966567993164
2.0309641361236572
3.2530670166015625
14.34325885772705
7.789746284484863
9.556445121765137
6.606510162353516
2.031507730484009
3.254258155822754
14.345789909362793
7.789746284484863
9.556445121765137
6.607044696807861
2.0320422649383545
3.25542950630188
14.348278999328613
7.789746284484863
9.556445121765137
6.607570171356201
2.0325679779052734
3.2565813064575195
14.350726127624512
7.789746284484863
9.556445121765137
6.608087062835693
2.0330848693847656
3.257714033126831
14.353132247924805
7.789746284484863
9.556445121765137
6.608595371246338
2.03359317779541
3.2588279247283936
14.355498313903809
7.789746284484863
9.556445121765137
6.609095096588135
2.034092903137207
3.259923219680786
14.35782527923584
7.789746284484863
9.556445121765137
6.609586715698242
2.0345842838287354
3.261000156402588
14.360113143920898
7.789746284484863
9.556445121765137
6.61007022857666
2.035067558288574
3.262059211730957
14.3623628616333
7.789746284484863
9.556445121765137
6.610545635223389
2.0355427265167236
3.2631006240844727
14.364575386047363
7.789746284484863
9.556445121765137
6.611012935638428
2.0360100269317627
3.264124631881714
14.366750717163086
7.789746284484863
9.556445121765137
6.6114726066589355
2.0364694595336914
3.2651314735412598
14.368889808654785
7.789746284484863
9.556445121765137
6.611924648284912
2.036921262741089
3.2661216259002686
14.370993614196777
7.789746284484863
9.556445121765137
6.612369060516357
2.037365674972534
3.2670953273773193
14.373062133789062
7.789746284484863
9.556445121765137
6.6128058433532715
2.0378026962280273
3.268052816390991
14.375096321105957
7.789746284484863
9.556445121765137
6.6132354736328125
2.0382323265075684
3.2689943313598633
14.377097129821777
7.789746284484863
9.556445121765137
6.6136579513549805
2.0386548042297363
3.2699201107025146
14.379064559936523
7.789746284484863
9.556445121765137
6.614073276519775
2.0390701293945312
3.2708303928375244
14.380998611450195
7.789746284484863
9.556445121765137
6.6144819259643555
2.0394785404205322
3.271725654602051
14.38290023803711
7.789746284484863
9.556445121765137
6.6148834228515625
2.0398802757263184
3.2726058959960938
14.384770393371582
7.789746284484863
9.556445121765137
6.615278244018555
2.0402753353118896
3.2734715938568115
14.386609077453613
7.789746284484863
9.556445121765137
6.61566686630249
2.040663719177246
3.274322748184204
14.38841724395752
7.789746284484863
9.556445121765137
6.616048812866211
2.041045665740967
3.2751598358154297
14.390195846557617
7.789746284484863
9.556445121765137
6.616424560546875
2.0414211750030518
3.2759828567504883
14.391944885253906
7.789746284484863
9.556445121765137
6.616794109344482
2.04179048538208
3.276792287826538
14.393664360046387
7.789746284484863
9.556445121765137
6.617157459259033
2.0421535968780518
3.277588129043579
14.395355224609375
7.789746284484863
9.556445121765137
6.617514610290527
2.042510747909546
3.2783706188201904
14.397017478942871
7.789746284484863
9.556445121765137
6.617865562438965
2.0428619384765625
3.2791402339935303
14.398652076721191
7.789746284484863
9.556445121765137
6.618210792541504
2.0432071685791016
3.2798969745635986
14.400259971618652
7.789746284484863
9.556445121765137
6.6185503005981445
2.043546676635742
3.2806410789489746
14.401841163635254
7.789746284484863
9.556445121765137
6.618884086608887
2.0438804626464844
3.2813727855682373
14.403395652770996
7.789746284484863
9.556445121765137
6.619212627410889
2.0442087650299072
3.282092332839966
14.404924392700195
7.789746284484863
9.556445121765137
6.619535446166992
2.0445315837860107
3.28279972076416
14.406427383422852
7.789746284484863
9.556445121765137
6.6198530197143555
2.044849157333374
3.2834954261779785
14.407905578613281
7.789746284484863
9.556445121765137
6.6201653480529785
2.045161247253418
3.284179449081421
14.409358978271484
7.789746284484863
9.556445121765137
6.620472431182861
2.045468330383301
3.2848522663116455
14.410788536071777
7.789746284484863
9.556445121765137
6.620774269104004
2.0457701683044434
3.2855138778686523
14.41219425201416
7.789746284484863
9.556445121765137
6.6210713386535645
2.046066999435425
3.2861642837524414
14.413576126098633
7.789746284484863
9.556445121765137
6.621363162994385
2.046358823776245
3.286803960800171
14.414935111999512
7.789746284484863
9.556445121765137
6.621650218963623
2.0466458797454834
3.287432909011841
14.416271209716797
7.789746284484863
9.556445121765137
6.621932506561279
2.0469281673431396
3.2880513668060303
14.417585372924805
7.789746284484863
9.556445121765137
6.6222100257873535
2.047205686569214
3.2886595726013184
14.418877601623535
7.789746284484863
9.556445121765137
6.622482776641846
2.047478675842285
3.289257526397705
14.420147895812988
7.789746284484863
9.556445121765137
6.622751235961914
2.0477471351623535
3.2898457050323486
14.42139720916748
7.789746284484863
9.556445121765137
6.6230149269104
2.048011064529419
3.29042387008667
14.422625541687012
7.789746284484863
9.556445121765137
6.623274326324463
2.0482704639434814
3.290992498397827
14.423833847045898
7.789746284484863
9.556445121765137
6.623529434204102
2.04852557182312
3.2915515899658203
14.42502212524414
7.789746284484863
9.556445121765137
6.623780250549316
2.048776388168335
3.2921013832092285
14.426190376281738
7.789746284484863
9.556445121765137
6.624026775360107
2.049023151397705
3.292642116546631
14.427339553833008
7.789746284484863
9.556445121765137
6.624269485473633
2.0492658615112305
3.2931737899780273
14.42846965789795
7.789746284484863
9.556445121765137
6.624507904052734
2.049504518508911
3.293696641921997
14.429580688476562
7.789746284484863
9.556445121765137
6.62474250793457
2.049739122390747
3.29421067237854
14.430672645568848
7.789746284484863
9.556445121765137
6.624973297119141
2.0499699115753174
3.2947161197662354
14.431746482849121
7.789746284484863
9.556445121765137
6.625200271606445
2.050196647644043
3.295213222503662
14.432802200317383
7.789746284484863
9.556445121765137
6.625423431396484
2.050419807434082
3.2957019805908203
14.43384075164795
7.789746284484863
9.556445121765137
6.625642776489258
2.0506391525268555
3.296182632446289
14.43486213684082
7.789746284484863
9.556445121765137
6.625858306884766
2.0508549213409424
3.2966551780700684
14.435866355895996
7.789746284484863
9.556445121765137
6.626070499420166
2.0510671138763428
3.2971198558807373
14.436853408813477
7.789746284484863
9.556445121765137
6.626278877258301
2.0512757301330566
3.297576904296875
14.437824249267578
7.789746284484863
9.556445121765137
6.626483917236328
2.051480770111084
3.2980263233184814
14.4387788772583
7.789746284484863
9.556445121765137
6.626685619354248
2.051682472229004
3.2984683513641357
14.439718246459961
7.789746284484863
9.556445121765137
6.6268839836120605
2.0518808364868164
3.298902988433838
14.440641403198242
7.789746284484863
9.556445121765137
6.627079010009766
2.0520758628845215
3.299330234527588
14.441549301147461
7.789746284484863
9.556445121765137
6.627270698547363
2.052267551422119
3.299750328063965
14.442441940307617
7.789746284484863
9.556445121765137
6.6274590492248535
2.0524561405181885
3.300163507461548
14.443320274353027
7.789746284484863
9.556445121765137
6.6276445388793945
2.0526416301727295
3.300569772720337
14.444183349609375
7.789746284484863
9.556445121765137
6.627826690673828
2.052824020385742
3.300969362258911
14.445032119750977
7.789746284484863
9.556445121765137
6.6280059814453125
2.0530033111572266
3.3013622760772705
14.445866584777832
7.789746284484863
9.556445121765137
6.628182411193848
2.0531795024871826
3.301748514175415
14.446687698364258
7.789746284484863
9.556445121765137
6.628355979919434
2.0533528327941895
3.302128314971924
14.447494506835938
7.789746284484863
9.556445121765137
6.62852668762207
2.053523302078247
3.302501916885376
14.448287963867188
7.789746284484863
9.556445121765137
6.628694534301758
2.0536909103393555
3.3028693199157715
14.449068069458008
7.789746284484863
9.556445121765137
6.628859519958496
2.0538556575775146
3.3032305240631104
14.449835777282715
7.789746284484863
9.556445121765137
6.629021644592285
2.0540177822113037
3.3035857677459717
14.450590133666992
7.789746284484863
9.556445121765137
6.629180908203125
2.0541772842407227
3.3039350509643555
14.451332092285156
7.789746284484863
9.556445121765137
6.629337787628174
2.0543339252471924
3.304278612136841
14.452061653137207
7.789746284484863
9.556445121765137
6.629491806030273
2.054487943649292
3.3046164512634277
14.452778816223145
7.789746284484863
9.556445121765137
6.629643440246582
2.0546395778656006
3.304948568344116
14.453484535217285
7.789746284484863
9.556445121765137
6.6297926902771
2.054788589477539
3.3052752017974854
14.454178810119629
7.789746284484863
9.556445121765137
6.629939079284668
2.0549352169036865
3.305596351623535
14.45486068725586
7.789746284484863
9.556445121765137
6.630083084106445
2.055079221725464
3.3059120178222656
14.455531120300293
7.789746284484863
9.556445121765137
6.630224704742432
2.05522084236145
3.306222438812256
14.456191062927246
7.789746284484863
9.556445121765137
6.630363941192627
2.0553600788116455
3.306527853012085
14.456839561462402
7.789746284484863
9.556445121765137
6.630500793457031
2.055497169494629
3.306828022003174
14.457477569580078
7.789746284484863
9.556445121765137
6.630635738372803
2.0556318759918213
3.3071231842041016
14.458105087280273
7.789746284484863
9.556445121765137
6.630768299102783
2.0557644367218018
3.3074135780334473
14.458722114562988
7.789746284484863
9.556445121765137
6.630898475646973
2.055894613265991
3.307698965072632
14.459328651428223
7.789746284484863
9.556445121765137
6.631026744842529
2.0560226440429688
3.3079795837402344
14.459924697875977
7.789746284484863
9.556445121765137
6.631152629852295
2.0561485290527344
3.308255672454834
14.460511207580566
7.789746284484863
9.556445121765137
6.631276607513428
2.056272506713867
3.3085269927978516
14.461088180541992
7.789746284484863
9.556445121765137
6.6313982009887695
2.056394338607788
3.3087940216064453
14.461655616760254
7.789746284484863
9.556445121765137
6.6315178871154785
2.056514024734497
3.309056520462036
14.462213516235352
7.789746284484863
9.556445121765137
6.631635665893555
2.0566318035125732
3.309314727783203
14.462761878967285
7.789746284484863
9.556445121765137
6.631751537322998
2.0567476749420166
3.309568405151367
14.463300704956055
7.789746284484863
9.556445121765137
6.631865501403809
2.056861639022827
3.3098180294036865
14.463830947875977
7.789746284484863
9.556445121765137
6.631977558135986
2.056973695755005
3.310063362121582
14.46435260772705
7.789746284484863
9.556445121765137
6.632087707519531
2.05708384513855
3.310304641723633
14.464865684509277
7.789746284484863
9.556445121765137
6.632195949554443
2.057192087173462
3.310541868209839
14.465370178222656
7.789746284484863
9.556445121765137
6.632302284240723
2.0572986602783203
3.3107752799987793
14.465866088867188
7.789746284484863
9.556445121765137
6.632407188415527
2.057403326034546
3.311004638671875
14.466353416442871
7.789746284484863
9.556445121765137
6.632510185241699
2.0575063228607178
3.311230182647705
14.466833114624023
7.789746284484863
9.556445121765137
6.632611274719238
2.057607650756836
3.3114521503448486
14.467304229736328
7.789746284484863
9.556445121765137
6.632710933685303
2.0577073097229004
3.3116703033447266
14.467767715454102
7.789746284484863
9.556445121765137
6.632808685302734
2.057805299758911
3.311884880065918
14.468223571777344
7.789746284484863
9.556445121765137
6.632905006408691
2.057901620864868
3.312095880508423
14.468671798706055
7.789746284484863
9.556445121765137
6.632999897003174
2.0579962730407715
3.312303304672241
14.469112396240234
7.789746284484863
9.556445121765137
6.633092880249023
2.058089256286621
3.312507390975952
14.469545364379883
7.789746284484863
9.556445121765137
6.633184432983398
2.058180809020996
3.3127079010009766
14.469971656799316
7.789746284484863
9.556445121765137
6.633274555206299
2.0582709312438965
3.3129050731658936
14.470390319824219
7.789746284484863
9.556445121765137
6.633363246917725
2.058359384536743
3.313098907470703
14.470802307128906
7.789746284484863
9.556445121765137
6.633450508117676
2.0584464073181152
3.3132896423339844
14.471207618713379
7.789746284484863
9.556445121765137
6.633535861968994
2.0585319995880127
3.3134772777557373
14.471606254577637
7.789746284484863
9.556445121765137
6.633619785308838
2.0586161613464355
3.313661575317383
14.47199821472168
7.789746284484863
9.556445121765137
6.633702754974365
2.058698892593384
3.313843011856079
14.472383499145508
7.789746284484863
9.556445121765137
6.633784294128418
2.0587801933288574
3.314021348953247
14.472762107849121
7.789746284484863
9.556445121765137
6.633864402770996
2.0588603019714355
3.3141965866088867
14.473134994506836
7.789746284484863
9.556445121765137
6.6339430809021
2.058938980102539
3.314368963241577
14.473501205444336
7.789746284484863
9.556445121765137
6.6340203285217285
2.059016466140747
3.3145384788513184
14.473861694335938
7.789746284484863
9.556445121765137
6.634096622467041
2.0590925216674805
3.3147051334381104
14.474215507507324
7.789746284484863
9.556445121765137
6.634171485900879
2.0591673851013184
3.3148691654205322
14.474563598632812
7.789746284484863
9.556445121765137
6.634244918823242
2.0592410564422607
3.315030336380005
14.474905967712402
7.789746284484863
9.556445121765137
6.634317398071289
2.0593132972717285
3.3151888847351074
14.475242614746094
7.789746284484863
9.556445121765137
6.634317398071289
2.0593132972717285
3.31534481048584
14.475573539733887
7.789746284484863
9.556445121765137
6.634317398071289
2.0593132972717285
3.315498113632202
14.475899696350098
7.789746284484863
9.556445121765137
6.634317398071289
2.0593132972717285
3.3156487941741943
14.47622013092041
7.789746284484863
9.556445121765137
6.634317398071289
2.0593132972717285
3.3157970905303955
14.476534843444824
7.789746284484863
9.556445121765137
6.634317398071289
2.0593132972717285
3.3159427642822266
14.476844787597656
7.789746284484863
9.556445121765137
6.634317398071289
2.0593132972717285
3.3160860538482666
14.47714900970459
7.789746284484863
9.556445121765137
6.634317398071289
2.0593132972717285
3.3162269592285156
14.477448463439941
7.789746284484863
9.556445121765137
6.634317398071289
2.0593132972717285
3.3163654804229736
14.477743148803711
7.789746284484863
9.556445121765137
6.634317398071289
2.0593132972717285
3.3165018558502197
14.478033065795898
7.789746284484863
9.556445121765137
6.634317398071289
2.0593132972717285
3.316635847091675
14.478318214416504
7.789746284484863
9.556445121765137
6.634317398071289
2.0593132972717285
3.316767692565918
14.478598594665527
7.789746284484863
9.556445121765137
6.634317398071289
2.0593132972717285
3.31689715385437
14.478874206542969
7.789746284484863
9.556445121765137
6.634317398071289
2.0593132972717285
3.3170244693756104
14.479145050048828
7.789746284484863
9.556445121765137
6.634317398071289
2.0593132972717285
3.3171496391296387
14.479411125183105
7.789746284484863
9.556445121765137
6.634317398071289
2.0593132972717285
3.317272901535034
14.4796724319458
7.789746284484863
9.556445121765137
6.634317398071289
2.0593132972717285
3.3173940181732178
14.47992992401123
7.789746284484863
9.556445121765137
6.634317398071289
2.0593132972717285
3.3175132274627686
14.480182647705078
7.789746284484863
9.556445121765137
6.634317398071289
2.0593132972717285
3.3176302909851074
14.48043155670166
7.789746284484863
9.556445121765137
6.634317398071289
2.0593132972717285
3.3177454471588135
14.480676651000977
7.789746284484863
9.556445121765137
6.634317398071289
2.0593132972717285
3.3178586959838867
14.480916976928711
7.789746284484863
9.556445121765137
6.634317398071289
2.0593132972717285
3.317970037460327
14.48115348815918
7.789746284484863
9.556445121765137
6.634317398071289
2.0593132972717285
3.3180794715881348
14.481386184692383
7.789746284484863
9.556445121765137
6.634317398071289
2.0593132972717285
3.3181872367858887
14.48161506652832
7.789746284484863
9.556445121765137
6.634317398071289
2.0593132972717285
3.3182930946350098
14.481840133666992
7.789746284484863
9.556445121765137
6.634317398071289
2.0593132972717285
3.318397283554077
14.482061386108398
7.789746284484863
9.556445121765137
6.634317398071289
2.0593132972717285
3.318499803543091
14.482278823852539
7.789746284484863
9.556445121765137
6.634317398071289
2.0593132972717285
3.3186004161834717
14.482492446899414
7.789746284484863
9.556445121765137
6.634317398071289
2.0593132972717285
3.318699359893799
14.48270320892334
7.789746284484863
9.556445121765137
6.634317398071289
2.0593132972717285
3.3187966346740723
14.48291015625
7.789746284484863
9.556445121765137
6.634317398071289
2.0593132972717285
3.318892478942871
14.483113288879395
7.789746284484863
9.556445121765137
6.634317398071289
2.0593132972717285
3.318986654281616
14.48331356048584
7.789746284484863
9.556445121765137
6.634317398071289
2.0593132972717285
3.3190791606903076
14.48351001739502
7.789746284484863
9.556445121765137
6.634317398071289
2.0593132972717285
3.3191702365875244
14.48370361328125
7.789746284484863
9.556445121765137
6.634317398071289
2.0593132972717285
3.3192596435546875
14.483893394470215
7.789746284484863
9.556445121765137
6.634317398071289
2.0593132972717285
3.319347620010376
14.48408031463623
7.789746284484863
9.556445121765137
6.634317398071289
2.0593132972717285
3.31943416595459
14.484264373779297
7.789746284484863
9.556445121765137
6.634317398071289
2.0593132972717285
3.319519281387329
14.484445571899414
7.789746284484863
9.556445121765137
6.634317398071289
2.0593132972717285
3.3196029663085938
14.484622955322266
7.789746284484863
9.556445121765137
6.634317398071289
2.0593132972717285
3.319685220718384
14.484797477722168
7.789746284484863
9.556445121765137
6.634317398071289
2.0593132972717285
3.319766044616699
14.484969139099121
7.789746284484863
9.556445121765137
6.634317398071289
2.0593132972717285
3.319845676422119
14.485137939453125
7.789746284484863
9.556445121765137
6.634317398071289
2.0593132972717285
3.3199238777160645
14.48530387878418
7.789746284484863
9.556445121765137
6.634317398071289
2.0593132972717285
3.3200008869171143
14.485466957092285
7.789746284484863
9.556445121765137
6.634317398071289
2.0593132972717285
3.3200764656066895
14.485628128051758
7.789746284484863
9.556445121765137
6.634317398071289
2.0593132972717285
3.320150852203369
14.485786437988281
7.789746284484863
9.556445121765137
6.634317398071289
2.0593132972717285
3.3202240467071533
14.485941886901855
7.789746284484863
9.556445121765137
6.634317398071289
2.0593132972717285
3.320296049118042
14.48609447479248
7.789746284484863
9.556445121765137
6.634317398071289
2.0593132972717285
3.320366859436035
14.486245155334473
7.789746284484863
9.556445121765137
6.634317398071289
2.0593132972717285
3.320436477661133
14.486392974853516
7.789746284484863
9.556445121765137
6.634317398071289
2.0593132972717285
3.320504903793335
14.48653793334961
7.789746284484863
9.556445121765137
6.634317398071289
2.0593132972717285
3.3205721378326416
14.48668098449707
7.789746284484863
9.556445121765137
6.634317398071289
2.0593132972717285
3.3206381797790527
14.486821174621582
7.789746284484863
9.556445121765137
6.634317398071289
2.0593132972717285
3.3207032680511475
14.486959457397461
7.789746284484863
9.556445121765137
6.634317398071289
2.0593132972717285
3.3207671642303467
14.487095832824707
7.789746284484863
9.556445121765137
6.634317398071289
2.0593132972717285
3.3208301067352295
14.487229347229004
7.789746284484863
9.556445121765137
6.634317398071289
2.0593132972717285
3.320891857147217
14.487360954284668
7.789746284484863
9.556445121765137
6.634317398071289
2.0593132972717285
3.3209526538848877
14.487489700317383
7.789746284484863
9.556445121765137
6.634317398071289
2.0593132972717285
3.321012496948242
14.487616539001465
7.789746284484863
9.556445121765137
6.634317398071289
2.0593132972717285
3.3210713863372803
14.487741470336914
7.789746284484863
9.556445121765137
6.634317398071289
2.0593132972717285
3.321129322052002
14.48786449432373
7.789746284484863
9.556445121765137
6.634317398071289
2.0593132972717285
3.3211863040924072
14.487985610961914
7.789746284484863
9.556445121765137
6.634317398071289
2.0593132972717285
3.321242332458496
14.488104820251465
7.789746284484863
9.556445121765137
6.634317398071289
2.0593132972717285
3.3212974071502686
14.488222122192383
7.789746284484863
9.556445121765137
6.634317398071289
2.0593132972717285
3.3213515281677246
14.488336563110352
7.789746284484863
9.556445121765137
6.634317398071289
2.0593132972717285
3.3214046955108643
14.488449096679688
7.789746284484863
9.556445121765137
6.634317398071289
2.0593132972717285
3.3214569091796875
14.48855972290039
7.789746284484863
9.556445121765137
6.634317398071289
2.0593132972717285
3.3215084075927734
14.488669395446777
7.789746284484863
9.556445121765137
6.634317398071289
2.0593132972717285
3.321558952331543
14.488777160644531
7.789746284484863
9.556445121765137
6.634317398071289
2.0593132972717285
3.321608543395996
14.488883018493652
7.789746284484863
9.556445121765137
6.634317398071289
2.0593132972717285
3.321657419204712
14.48898696899414
7.789746284484863
9.556445121765137
6.634317398071289
2.0593132972717285
3.3217055797576904
14.489089012145996
7.789746284484863
9.556445121765137
6.634317398071289
2.0593132972717285
3.3217527866363525
14.489189147949219
7.789746284484863
9.556445121765137
6.634317398071289
2.0593132972717285
3.3217992782592773
14.489288330078125
7.789746284484863
9.556445121765137
6.634317398071289
2.0593132972717285
3.321845054626465
14.489385604858398
7.789746284484863
9.556445121765137
6.634317398071289
2.0593132972717285
3.321889877319336
14.489480972290039
7.789746284484863
9.556445121765137
6.634317398071289
2.0593132972717285
3.3219339847564697
14.489574432373047
7.789746284484863
9.556445121765137
6.634317398071289
2.0593132972717285
3.321977376937866
14.489666938781738
7.789746284484863
9.556445121765137
