5.1406569480896
5.696630001068115
3.1464202404022217
5.722298622131348
4.844914436340332
1.3366707563400269
7.134086608886719
5.534647464752197
3.1464202404022217
5.722298622131348
4.844914436340332
1.3366707563400269
6.979753017425537
5.0123291015625
3.1464202404022217
5.722298622131348
4.844914436340332
1.3366707563400269
6.191074371337891
4.390285491943359
3.1464202404022217
5.722298622131348
4.844914436340332
1.3366707563400269
5.4155402183532715
3.778609275817871
3.1464202404022217
5.722298622131348
4.844914436340332
1.3366707563400269
4.683382987976074
3.289979934692383
3.1464202404022217
5.722298622131348
4.814463138580322
1.2238184213638306
4.057576656341553
3.140380859375
3.1464202404022217
5.722298622131348
4.710381507873535
1.111480712890625
3.4422004222869873
2.9932751655578613
3.1464202404022217
5.722298622131348
4.629169464111328
1.3287274837493896
2.837080478668213
2.848621129989624
3.1464202404022217
5.722298622131348
4.549310684204102
1.5423535108566284
2.2420456409454346
2.7063779830932617
3.1464202404022217
5.722298622131348
4.47078275680542
1.752419114112854
1.6814711093902588
2.5621657371520996
3.1464202404022217
5.722298622131348
4.393563747406006
1.9589836597442627
1.8919875621795654
2.3222713470458984
3.1464202404022217
5.722298622131348
4.317631721496582
2.1621053218841553
2.0989954471588135
2.0863752365112305
3.1464202404022217
5.722298622131348
4.242965221405029
2.3618416786193848
2.302553176879883
1.8544106483459473
3.1464202404022217
5.722298622131348
4.169543266296387
2.5582492351531982
2.400031566619873
1.67277193069458
3.1464202404022217
5.722298622131348
4.200031757354736
2.704923391342163
2.495885133743286
1.494160532951355
3.1464202404022217
5.722298622131348
4.2300124168396
2.8491530418395996
2.5901412963867188
1.318526029586792
3.1464202404022217
5.722298622131348
4.259493350982666
2.990978717803955
2.682826519012451
1.1458187103271484
3.1464202404022217
5.722298622131348
4.288482666015625
3.1304407119750977
2.770554780960083
1.0144659280776978
3.1464202404022217
5.722298622131348
4.316988945007324
3.267578363418579
2.8302018642425537
1.097965121269226
3.1464202404022217
5.722298622131348
4.345020294189453
3.402430295944214
2.888854742050171
1.1800726652145386
3.1464202404022217
5.722298622131348
4.372584342956543
3.535034656524658
2.9465301036834717
1.260811686515808
3.1464202404022217
5.722298622131348
4.399688720703125
3.66542911529541
3.003244161605835
1.3402050733566284
3.1464202404022217
5.722298622131348
4.426341533660889
3.7936501502990723
3.0590131282806396
1.418275237083435
3.1464202404022217
5.722298622131348
4.452549934387207
3.919734239578247
3.1138525009155273
1.495044231414795
3.1464202404022217
5.722298622131348
4.478321552276611
4.043716907501221
3.1677780151367188
1.5705337524414062
3.1464202404022217
5.722298622131348
4.503664016723633
4.165633201599121
3.2208046913146973
1.6447651386260986
3.1464202404022217
5.722298622131348
4.528584003448486
4.285517692565918
3.2729475498199463
1.717759370803833
3.1230673789978027
5.770568370819092
4.576441287994385
4.355134010314941
3.32422137260437
1.789536952972412
3.1001038551330566
5.818033695220947
4.623500823974609
4.423590183258057
3.374640703201294
1.8601182699203491
3.0775229930877686
5.864707946777344
4.669776439666748
4.490905284881592
3.4242196083068848
1.929523229598999
3.055318593978882
5.910604476928711
4.715280532836914
4.557098388671875
3.4729721546173096
1.9977715015411377
3.0334842205047607
5.95573616027832
4.760026454925537
4.622188568115234
3.5209121704101562
2.064882278442383
3.0120136737823486
6.000115394592285
4.8040266036987305
4.686193943023682
3.5680532455444336
2.1308746337890625
2.990900993347168
6.043755054473877
4.847293376922607
4.7491326332092285
3.6144087314605713
2.1957669258117676
2.970140218734741
6.086667537689209
4.889838695526123
4.8110222816467285
3.659991502761841
2.259577751159668
2.949725389480591
6.128864765167236
4.931674957275391
4.871880531311035
3.7048146724700928
2.3223249912261963
2.9296507835388184
6.170358657836914
4.972814083099365
4.9317240715026855
3.7488906383514404
2.384026527404785
2.9099109172821045
6.211161136627197
5.013267517089844
4.990570545196533
3.792232036590576
2.444699764251709
2.890500068664551
6.251283168792725
5.053046703338623
5.048436164855957
3.834851026535034
2.504361629486084
2.871412515640259
6.290736675262451
5.0921630859375
5.105337142944336
3.8767597675323486
2.5630292892456055
2.8526432514190674
6.329532623291016
5.130627632141113
5.161290168762207
3.9179699420928955
2.6207191944122314
2.8341867923736572
6.367681980133057
5.168450832366943
5.216310501098633
3.95849347114563
2.677447557449341
2.816037893295288
6.405195713043213
5.205643653869629
5.270413875579834
3.9983415603637695
2.7332303524017334
2.798191547393799
6.442083835601807
5.24221658706665
5.323615550994873
4.037525653839111
2.788083553314209
2.780642509460449
6.478357315063477
5.278180122375488
5.375930309295654
4.076056480407715
2.84202241897583
2.7633860111236572
6.514026165008545
5.313544273376465
5.42737340927124
4.113945007324219
2.8950624465942383
2.7464170455932617
6.549100399017334
5.348319053649902
5.477959156036377
4.151202201843262
2.947218418121338
2.7297310829162598
6.583590507507324
5.382513999938965
5.527701377868652
4.187838554382324
2.998505115509033
2.7133231163024902
6.6175055503845215
5.416139125823975
5.576614856719971
4.2238640785217285
3.0489370822906494
2.69718861579895
6.650855541229248
5.449203968048096
5.624712944030762
4.259289264678955
3.0985283851623535
2.7130250930786133
6.666073799133301
5.481717586517334
5.672009468078613
4.294124126434326
3.1472933292388916
2.728597640991211
6.6810383796691895
5.5136895179748535
5.718517780303955
4.328378200531006
3.1952455043792725
2.743910789489746
6.695753574371338
5.545128345489502
5.764250755310059
4.362061500549316
3.242398500442505
2.7589685916900635
6.710223197937012
5.576043128967285
5.8092217445373535
4.395183563232422
3.2887654304504395
2.773775577545166
6.724452018737793
5.606442928314209
5.853443145751953
4.427753448486328
3.334359645843506
2.7883358001708984
6.738443374633789
5.636335849761963
5.896927356719971
4.459780693054199
3.3791940212249756
2.8026533126831055
6.752201557159424
5.6657304763793945
5.9396867752075195
4.491273880004883
3.423281192779541
2.816732168197632
6.765730381011963
5.694635391235352
5.981733798980713
4.522242069244385
3.4666335582733154
2.8305764198303223
6.779033660888672
5.723058700561523
6.023079872131348
4.552694320678711
3.509263277053833
2.8441898822784424
6.792115211486816
5.751008033752441
6.063736915588379
4.582639217376709
3.551182508468628
2.857576370239258
6.804978847503662
5.778491497039795
6.1037163734436035
4.612084865570068
3.5924031734466553
2.870739698410034
6.817628383636475
5.805517196655273
6.143029689788818
4.641039848327637
3.632936716079712
2.883683681488037
6.830066680908203
5.83209228515625
6.181687831878662
4.6695122718811035
3.672794818878174
2.896411895751953
6.8422980308532715
5.858224391937256
6.219701290130615
4.697510242462158
3.7119884490966797
2.908928155899048
6.854325294494629
5.883921146392822
6.257081508636475
4.725041389465332
3.7505290508270264
2.9212357997894287
6.866152286529541
5.909189701080322
6.2938385009765625
4.7521138191223145
3.7884271144866943
2.933338165283203
6.877781867980957
5.934036731719971
6.329982757568359
4.7787346839904785
3.8256936073303223
2.9452388286590576
6.889217853546143
5.958469867706299
6.365524768829346
4.804912090301514
3.8623390197753906
2.9569411277770996
6.900463104248047
5.9824957847595215
6.400474548339844
4.830653190612793
3.898373603820801
2.9684484004974365
6.911520957946777
6.0061211585998535
6.434841632843018
4.8559651374816895
3.933807611465454
2.979763984680176
6.922394752502441
6.02935266494751
6.4686360359191895
4.880855560302734
3.968651056289673
2.9908909797668457
6.933087348937988
6.052196979522705
6.501867294311523
4.905331134796143
4.002913951873779
3.0018324851989746
6.943601608276367
6.074660778045654
6.534544467926025
4.929398536682129
4.0366058349609375
3.012591600418091
6.953940391540527
6.096750259399414
6.566677093505859
4.953064918518066
4.069736003875732
3.0231714248657227
6.964107036590576
6.118471622467041
6.598274230957031
4.97633695602417
4.102313995361328
3.0335748195648193
6.974104404449463
6.139831066131592
6.629344940185547
4.999220848083496
4.1343488693237305
3.043804883956909
6.9839348793029785
6.160834312438965
6.659897804260254
5.02172327041626
4.1658501625061035
3.0538644790649414
6.9936017990112305
6.181487560272217
6.68994140625
5.043850898742676
4.196826457977295
3.0637564659118652
7.00310754776001
6.201796531677246
6.719484329223633
5.065609931945801
4.227286338806152
3.073483467102051
7.012454986572266
6.221766948699951
6.748534679412842
5.087006092071533
4.257238388061523
3.0830483436584473
7.021646499633789
6.2414045333862305
6.777101039886475
5.10804557800293
4.286691188812256
3.092453956604004
7.030684947967529
6.260715007781982
6.8051910400390625
5.128734588623047
4.315653324127197
3.1017026901245117
7.039572715759277
6.279703617095947
6.832812786102295
5.149078845977783
4.344132900238037
3.11079740524292
7.048312187194824
6.298375606536865
6.859974384307861
5.169084072113037
4.372137546539307
3.1197404861450195
7.056906223297119
6.316736221313477
6.886683464050293
5.188755512237549
4.399675369262695
3.1285345554351807
7.065356731414795
6.33479118347168
6.912947177886963
5.208099365234375
4.426754474639893
3.1371819972991943
7.073666572570801
6.352545261383057
6.938773155212402
5.227120876312256
4.4533820152282715
3.1456854343414307
7.0818376541137695
6.3700032234191895
6.964168548583984
5.245825290679932
4.4795660972595215
3.1540470123291016
7.08987283706665
6.387170314788818
6.98914098739624
5.264217853546143
4.505313873291016
3.162269353866577
7.097774028778076
6.404051303863525
7.013697147369385
5.282303810119629
4.530632495880127
3.1703546047210693
7.105543613433838
6.420650959014893
7.037844181060791
5.300088405609131
4.5555291175842285
3.178305149078369
7.113183498382568
6.436974048614502
7.061588764190674
5.3175764083862305
4.580010414123535
3.1861231327056885
7.120696067810059
6.453024864196777
7.084937572479248
5.334773063659668
4.604084014892578
3.1938107013702393
7.1280837059021
6.468808174133301
7.1078972816467285
5.351683139801025
4.627756118774414
3.2013702392578125
7.135347843170166
6.484328269958496
7.130474090576172
5.368311405181885
4.651033878326416
3.20880389213562
7.142490863800049
6.499589920043945
7.152674674987793
5.384662628173828
4.673923492431641
3.216113567352295
7.149515151977539
6.514597415924072
7.174505233764648
5.400741100311279
4.696431636810303
3.223301410675049
7.156422138214111
6.529354572296143
7.195971965789795
5.41655158996582
4.718564987182617
3.2303693294525146
7.163214206695557
6.54386568069458
7.217081069946289
5.432098865509033
4.740329265594482
3.2373194694519043
7.16989278793335
6.558135032653809
7.237838268280029
5.447386741638184
4.761730670928955
3.2441537380218506
7.176460266113281
6.572166442871094
7.258249282836914
5.4624199867248535
4.782775402069092
3.2508742809295654
7.182918071746826
6.585964202880859
7.2783203125
5.477202415466309
4.803469657897949
3.2574827671051025
7.189268589019775
6.599532127380371
7.298056602478027
5.491738796234131
4.823818683624268
3.2639811038970947
7.1955132484436035
6.612873554229736
7.317464351654053
5.506032943725586
4.8438286781311035
3.270371198654175
7.201653480529785
6.625992774963379
7.336548328399658
5.5200886726379395
4.8635053634643555
3.2766547203063965
7.207691669464111
6.638893127441406
7.355314254760742
5.533910274505615
4.882853984832764
3.2828335762023926
7.213629245758057
6.651578903198242
7.373767375946045
5.547501564025879
4.901880264282227
3.288909435272217
7.219467639923096
6.664052963256836
7.391912937164307
5.560866355895996
4.920589447021484
3.294883966445923
7.225208759307861
6.676319122314453
7.409756183624268
5.574008464813232
4.938986778259277
3.3007588386535645
7.230854511260986
6.688380718231201
7.42730188369751
5.586931228637695
4.957077503204346
3.3065359592437744
7.236405849456787
6.700241565704346
7.444555282592773
5.599638938903809
4.9748663902282715
3.3122167587280273
7.2418646812438965
6.711904525756836
7.461521148681641
5.6121344566345215
4.992359161376953
3.317802906036377
7.247232437133789
6.7233734130859375
7.478204250335693
5.624422073364258
5.0095601081848145
3.323295831680298
7.252511024475098
6.7346510887146
7.494609355926514
5.636504650115967
5.026474475860596
3.3286972045898438
7.257701396942139
6.74574089050293
7.510741233825684
5.648386001586914
5.043107032775879
3.3340086936950684
7.262805461883545
6.756645679473877
7.526604175567627
5.660069465637207
5.059462070465088
3.339231491088867
7.267824172973633
6.767368793487549
7.542202472686768
5.671557903289795
5.075544834136963
3.344367265701294
7.272759437561035
6.7779130935668945
7.5575408935546875
5.682855129241943
5.091359615325928
3.3494174480438232
7.277612686157227
6.788281440734863
7.5726237297058105
5.693964004516602
5.106910705566406
3.3543834686279297
7.282384872436523
6.7984771728515625
7.5874552726745605
5.704887390136719
5.122202396392822
3.359266757965088
7.2870774269104
6.808503150939941
7.602039337158203
5.7156291007995605
5.137239456176758
3.3640687465667725
7.291691780090332
6.818361759185791
7.61638069152832
5.726191520690918
5.1520256996154785
3.368790626525879
7.296229362487793
6.828056335449219
7.6304826736450195
5.736577987670898
5.166565418243408
3.373433828353882
7.3006911277771
6.837589263916016
7.644349575042725
5.746791362762451
5.180862903594971
3.3779995441436768
7.305078506469727
6.846963405609131
7.657985687255859
5.756834506988525
5.194921970367432
3.3824892044067383
7.309392929077148
6.8561811447143555
7.671394348144531
5.76671028137207
5.208746910095215
3.386904001235962
7.313635349273682
6.865245342254639
7.684579372406006
5.776421546936035
5.222341537475586
3.3912453651428223
7.317807197570801
6.8741583824157715
7.697545051574707
5.785970687866211
5.2357096672058105
3.3955142498016357
7.321909427642822
6.882922649383545
7.710294246673584
5.795361042022705
5.248854637145996
3.399712085723877
7.325943470001221
6.891541004180908
7.7228312492370605
5.80459451675415
5.261780738830566
3.4038398265838623
7.3299102783203125
6.900015830993652
7.735159397125244
5.813674449920654
5.274491310119629
3.4078989028930664
7.333810806274414
6.908349514007568
7.747282028198242
5.82260274887085
5.286990165710449
3.4118902683258057
7.337646484375
6.916543960571289
7.759202480316162
5.8313822746276855
5.299280643463135
3.4158151149749756
7.341418266296387
6.924602031707764
7.770924091339111
5.840015411376953
5.311366081237793
3.4196746349334717
7.345127105712891
6.932525634765625
7.7824506759643555
5.848505020141602
5.3232502937316895
3.4234697818756104
7.348773956298828
6.940317153930664
7.793785095214844
5.856853008270264
5.334936618804932
3.427201747894287
7.352360248565674
6.947978973388672
7.804930686950684
5.8650617599487305
5.346427917480469
3.4308714866638184
7.355886459350586
6.955513000488281
7.815890312194824
5.873133659362793
5.357728004455566
3.4344799518585205
7.359354019165039
6.962921619415283
7.826667308807373
5.881071090698242
5.368839740753174
3.438028335571289
7.36276388168335
6.9702067375183105
7.837264537811279
5.888876438140869
5.37976598739624
3.4415175914764404
7.366117000579834
6.977370262145996
7.84768533706665
5.896551609039307
5.390510082244873
3.444948673248291
7.36941385269165
6.984414577484131
7.8579325675964355
5.904098987579346
5.40107536315918
3.4483225345611572
7.372655868530273
6.991341590881348
7.868008613586426
5.911520481109619
5.411464214324951
3.4516401290893555
7.3758440017700195
6.998153209686279
7.8779168128967285
5.91881799697876
5.421679973602295
3.454902410507202
7.378978729248047
6.996220588684082
7.8827972412109375
5.925993919372559
5.43172550201416
3.4581103324890137
7.38206148147583
6.994442939758301
7.887627601623535
5.933050155639648
5.441603660583496
3.4612648487091064
7.385092735290527
6.992793560028076
7.892401695251465
5.93998908996582
5.451317310333252
3.464366912841797
7.388073444366455
6.991250038146973
7.897116184234619
5.946812152862549
5.460868835449219
3.4674172401428223
7.39100456237793
6.989795207977295
7.901767730712891
5.953521728515625
5.470261573791504
3.47041654586792
7.393887042999268
6.988415241241455
7.9063544273376465
5.960119247436523
5.47949743270874
3.4733660221099854
7.396721363067627
6.987098217010498
7.910874843597412
5.966607093811035
5.488579273223877
3.476266384124756
7.399508476257324
6.985835552215576
7.915327548980713
5.972986698150635
5.497509956359863
3.4791183471679688
7.402248859405518
6.984619617462158
7.919712543487549
5.979259967803955
5.50629186630249
3.4819228649139404
7.404943943023682
6.983444690704346
7.92402982711792
5.985428810119629
5.514927387237549
3.484680414199829
7.407593727111816
6.982306003570557
7.928278923034668
5.991494655609131
5.52341890335083
3.4873921871185303
7.4101996421813965
6.981199264526367
7.932460784912109
5.997459411621094
5.531768798828125
3.490058660507202
7.41276216506958
6.980121612548828
7.936575889587402
6.00332498550415
5.539979457855225
3.492680788040161
7.415281772613525
6.979070663452148
7.940624237060547
6.009092807769775
5.54805326461792
3.4952590465545654
7.417759418487549
6.978043556213379
7.944606304168701
6.014764308929443
5.555992603302002
3.4977943897247314
7.420195579528809
6.977038860321045
7.948523998260498
6.020341396331787
5.563799858093262
3.5002875328063965
7.422591209411621
6.97605562210083
7.9523773193359375
6.025825500488281
5.571476936340332
3.502739191055298
7.424947261810303
6.975091934204102
7.956167221069336
6.0312180519104
5.579025745391846
3.5051498413085938
7.4272637367248535
6.974147319793701
7.95989465713501
6.036520957946777
5.586449146270752
3.5075204372406006
7.42954158782959
6.9732208251953125
7.963560581207275
6.0417351722717285
5.593748569488525
3.5098514556884766
7.431781768798828
6.972311496734619
7.967165946960449
6.046862602233887
5.600926399230957
3.512143611907959
7.433984279632568
6.971418380737305
7.970711708068848
6.051904678344727
5.60798454284668
3.514397621154785
7.436150074005127
6.970541477203369
7.974198341369629
6.056862831115723
5.614924907684326
3.5166139602661133
7.43828010559082
6.969679832458496
7.977627277374268
6.061738014221191
5.6217498779296875
3.5187933444976807
7.440374374389648
6.9688334465026855
7.980998992919922
6.066532135009766
5.628460884094238
3.5209364891052246
7.442433834075928
6.968001842498779
7.984314918518066
6.071246147155762
5.6350603103637695
3.5230438709259033
7.444458961486816
6.967184543609619
7.987575531005859
6.0758819580078125
5.641549587249756
3.525116205215454
7.446450233459473
6.966381549835205
7.990781784057617
6.080440521240234
5.64793062210083
3.527153968811035
7.448408603668213
6.965591907501221
7.993934631347656
6.084922790527344
5.654205322265625
3.529157876968384
7.450334072113037
6.964815616607666
7.997035026550293
6.089330673217773
5.660375595092773
3.531128168106079
7.452227592468262
6.964052200317383
8.000083923339844
6.093664646148682
5.66644287109375
3.5330657958984375
7.454089641571045
6.963302135467529
8.003082275390625
6.097926616668701
5.6724090576171875
3.534970998764038
7.455920696258545
6.962564468383789
8.006031036376953
6.102117538452148
5.678276062011719
3.536844491958618
7.45772123336792
6.961839199066162
8.008930206298828
6.106238842010498
5.684045314788818
3.538686752319336
7.459491729736328
6.96112585067749
8.011780738830566
6.110291004180908
5.689718246459961
3.5404982566833496
7.461232662200928
6.960424423217773
8.0145845413208
6.114275932312012
5.695296764373779
3.5422797203063965
7.462944507598877
6.95973539352417
8.017341613769531
6.118194580078125
5.700782299041748
3.5440313816070557
7.464627742767334
6.959057807922363
8.020051956176758
6.1220479011535645
5.706176280975342
3.5457539558410645
7.466282844543457
6.958391189575195
8.022717475891113
6.1258368492126465
5.711480140686035
3.547447681427002
7.467910289764404
6.957736015319824
8.025338172912598
6.1295623779296875
5.716695785522461
3.5491132736206055
7.469511032104492
6.957091808319092
8.027915954589844
6.133225917816162
5.721824645996094
3.550750970840454
7.471085071563721
6.95645809173584
8.030450820922852
6.136828422546387
5.72686767578125
3.552361488342285
7.472632884979248
6.955834865570068
8.032942771911621
6.140370845794678
5.7318267822265625
3.5539450645446777
7.474154949188232
6.955222129821777
8.035393714904785
6.143854141235352
5.736703395843506
3.555502414703369
7.475651264190674
6.954619884490967
8.037803649902344
6.147279739379883
5.7414984703063965
3.5570337772369385
7.477122783660889
6.95402717590332
8.040173530578613
6.15064811706543
5.746213912963867
3.558539628982544
7.478569984436035
6.953444480895996
8.042503356933594
6.153960227966309
5.750850677490234
3.5600204467773438
7.479992866516113
6.952871799468994
8.044795036315918
6.157217025756836
5.755410194396973
3.561476469039917
7.481391906738281
6.952308654785156
8.047048568725586
6.160419940948486
5.759893894195557
3.562908172607422
7.482767581939697
6.951754570007324
8.049263954162598
6.163569450378418
5.764302730560303
3.5643160343170166
7.4841203689575195
6.951210021972656
8.051443099975586
6.166666507720947
5.7686381340026855
3.5657005310058594
7.485450744628906
6.950674533843994
8.053585052490234
6.169711589813232
5.7729010581970215
3.5670619010925293
7.486758708953857
6.95014762878418
8.055691719055176
6.172706127166748
5.777092933654785
3.5684006214141846
7.4880452156066895
6.949629783630371
8.05776309967041
6.175650596618652
5.781215190887451
3.5697169303894043
7.489310264587402
6.94912052154541
8.059800148010254
6.178545951843262
5.785268783569336
3.5710113048553467
7.490554332733154
6.948619842529297
8.061802864074707
6.181393146514893
5.789254665374756
3.57228422164917
7.491777420043945
6.948127269744873
8.063772201538086
6.184193134307861
5.7931742668151855
3.573535919189453
7.492980003356934
6.947643280029297
8.065709114074707
6.186946392059326
5.797028541564941
3.5747666358947754
7.494162559509277
6.947166919708252
8.06761360168457
6.1896538734436035
5.80081844329834
3.575976848602295
7.495325565338135
6.9466986656188965
8.069486618041992
6.192316055297852
5.804544925689697
3.57716703414917
7.496469020843506
6.946238040924072
8.071328163146973
6.194933891296387
5.808209419250488
3.5783371925354004
7.497593402862549
6.9457855224609375
8.073139190673828
6.197507858276367
5.811812877655029
3.5794880390167236
7.498699188232422
6.945340156555176
8.074919700622559
6.200038909912109
5.815356254577637
3.5806195735931396
7.499786376953125
6.944902420043945
8.07667064666748
6.20252799987793
5.818840503692627
3.5817322731018066
7.500855445861816
6.944471836090088
8.07839298248291
6.204975605010986
5.822267055511475
3.5828263759613037
7.501906871795654
6.9440484046936035
8.080085754394531
6.2073822021484375
5.825636386871338
3.583902359008789
7.502940654754639
6.943632125854492
8.081750869750977
6.2097487449646
5.828949451446533
3.584960460662842
7.503957271575928
6.943222999572754
8.083388328552246
6.212076187133789
5.832207202911377
3.586000919342041
7.50495719909668
6.9428205490112305
8.08499813079834
6.214364528656006
5.8354105949401855
3.587023973464966
7.5059404373168945
6.942424774169922
8.086581230163574
6.216614723205566
5.838560581207275
3.5880298614501953
7.506906986236572
6.942035675048828
8.08813762664795
6.218827724456787
5.841658115386963
3.5890190601348877
7.507857799530029
6.941652774810791
8.089668273925781
6.221003532409668
5.8447041511535645
3.589991807937622
7.508792400360107
6.941276550292969
8.09117317199707
6.223143100738525
5.8476996421813965
3.5909483432769775
7.509711742401123
6.940906524658203
8.092653274536133
6.225246906280518
5.850645065307617
3.591888904571533
7.510615348815918
6.940542697906494
8.094108581542969
6.227315902709961
5.853541374206543
3.592813730239868
7.511504173278809
6.940185070037842
8.095540046691895
6.229350566864014
5.85638952255249
3.5937232971191406
7.512378215789795
6.939833164215088
8.09694766998291
6.231350898742676
5.859189987182617
3.5946176052093506
7.513237476348877
6.939486980438232
8.098331451416016
6.233317852020264
5.86194372177124
3.5954971313476562
7.514082431793213
6.939146995544434
8.099692344665527
6.235252380371094
5.864651679992676
3.5963618755340576
7.514913558959961
6.938812255859375
8.101030349731445
6.237154483795166
5.867314338684082
3.597212314605713
7.515730857849121
6.938483238220215
8.102346420288086
6.239025115966797
5.869932651519775
3.598048448562622
7.516534328460693
6.938159942626953
8.10364055633545
6.240864276885986
5.872507572174072
3.5988707542419434
7.517324447631836
6.937841892242432
8.104912757873535
6.242672920227051
5.875039577484131
3.5996792316436768
7.518101215362549
6.93752908706665
8.10616397857666
6.244451522827148
5.877529144287109
3.6004743576049805
7.51886510848999
6.937221527099609
8.107394218444824
6.2462005615234375
5.879977226257324
3.6012561321258545
7.519616603851318
6.936919212341309
8.108604431152344
6.247920036315918
5.882384777069092
3.602024793624878
7.520355224609375
6.93662166595459
8.109793663024902
6.249610900878906
5.884751796722412
3.602780818939209
7.521081447601318
6.936329364776611
8.110963821411133
6.2512736320495605
5.88707971572876
3.6035242080688477
7.521795749664307
6.936041831970215
8.112113952636719
6.252908706665039
5.889368534088135
3.604255199432373
7.52249813079834
6.9357590675354
8.113245010375977
6.2545166015625
5.8916192054748535
3.6049740314483643
7.523189067840576
6.935481071472168
8.114356994628906
6.256097793579102
5.893832683563232
3.6056809425354004
7.523868083953857
6.935207843780518
8.115450859069824
6.257652759552002
5.8960089683532715
3.6063759326934814
7.5245361328125
6.934938907623291
8.11652660369873
6.259181499481201
5.898149013519287
3.6070594787597656
7.525192737579346
6.9346747398376465
8.117584228515625
6.260684967041016
5.9002532958984375
3.607731580734253
7.525838375091553
6.934414386749268
8.118624687194824
6.262163162231445
5.902322769165039
3.6083924770355225
7.526473522186279
6.934158802032471
8.119647026062012
6.263617038726807
5.90435791015625
3.6090424060821533
7.527098178863525
6.933907508850098
8.120652198791504
6.2650465965271
5.90635871887207
3.6096813678741455
7.527712345123291
6.933660507202148
8.121641159057617
6.266452312469482
5.908326625823975
3.6103098392486572
7.528316020965576
6.933417320251465
8.122613906860352
6.267834663391113
5.910261631011963
3.6109278202056885
7.528909683227539
6.933177947998047
8.123570442199707
6.269193649291992
5.912164211273193
3.6115353107452393
7.52949333190918
6.932942867279053
8.124510765075684
6.2705302238464355
5.914035320281982
3.6121327877044678
7.530067443847656
6.932711601257324
8.125434875488281
6.271844387054443
5.91587495803833
3.612720251083374
7.530632019042969
6.932484149932861
8.126343727111816
6.273136615753174
5.917684078216553
3.613297939300537
7.531187057495117
6.932260513305664
8.127237319946289
6.274407386779785
5.919463157653809
3.613866090774536
7.53173303604126
6.932040691375732
8.128116607666016
6.2756571769714355
5.921212673187256
3.614424705505371
7.5322699546813965
6.931824684143066
8.12898063659668
6.276885986328125
5.9229326248168945
3.614974021911621
7.532797813415527
6.931612014770508
8.129830360412598
6.278094291687012
5.924623966217041
3.6155142784118652
7.5333170890808105
6.931403160095215
8.13066577911377
6.279282569885254
5.9262871742248535
3.6160454750061035
7.533827304840088
6.931197643280029
8.131487846374512
6.280450820922852
5.92792272567749
3.616567850112915
7.534329414367676
6.930995464324951
8.132295608520508
6.281599521636963
5.929531097412109
3.6170814037323
7.534822940826416
6.9307966232299805
8.133090019226074
6.282729148864746
5.931112766265869
3.617586374282837
7.535308361053467
6.930601119995117
8.133871078491211
6.283840179443359
5.9326677322387695
3.6180830001831055
7.535785675048828
6.930408954620361
8.134639739990234
6.284932613372803
5.934196949005127
3.6185712814331055
7.5362548828125
6.930220127105713
8.135395050048828
6.286006927490234
5.9357008934021
3.619051456451416
7.536716461181641
6.930034160614014
8.136137962341309
6.287063121795654
5.9371795654296875
3.619523763656616
7.53717041015625
6.929851531982422
8.136868476867676
6.288101673126221
5.938633441925049
3.619988203048706
7.537616729736328
6.929671764373779
8.13758659362793
6.289123058319092
5.940062999725342
3.6204447746276855
7.538055419921875
6.929495334625244
8.138293266296387
6.290127277374268
5.941468715667725
3.620893716812134
7.538486957550049
6.929321765899658
8.138988494873047
6.291114807128906
5.9428510665893555
3.62133526802063
7.53891134262085
6.9291510581970215
8.139671325683594
6.292086124420166
5.944210529327393
3.621769428253174
7.539328575134277
6.928983211517334
8.140342712402344
6.293041229248047
5.945547580718994
3.6221964359283447
7.539738655090332
6.928818225860596
8.141003608703613
6.293980121612549
5.94686222076416
3.6226162910461426
7.540142059326172
6.928655624389648
8.141653060913086
6.29490327835083
5.948154926300049
3.6230289936065674
7.540538787841797
6.92849588394165
8.142292022705078
6.295811176300049
5.949426174163818
3.6234350204467773
7.540928840637207
6.928339004516602
8.14292049407959
6.296703815460205
5.950675964355469
3.6238341331481934
7.541312217712402
6.928184509277344
8.143538475036621
6.297581672668457
5.951905250549316
3.6242265701293945
7.541689395904541
6.928032875061035
8.144145965576172
6.298445224761963
5.953114032745361
3.62461256980896
7.542060375213623
6.927883625030518
8.144742965698242
6.2992939949035645
5.9543023109436035
3.6249921321868896
7.542425155639648
6.927736759185791
8.145330429077148
6.300128936767578
5.955471038818359
3.6253652572631836
7.542783737182617
6.9275922775268555
8.14590835571289
6.300950050354004
5.956620216369629
3.625732183456421
7.5431365966796875
6.927450180053711
8.146475791931152
6.301757335662842
5.95775032043457
3.6260931491851807
7.543483257293701
6.927310466766357
8.147034645080566
6.30255126953125
5.958861351013184
3.626447916030884
7.543824195861816
6.927173137664795
8.147583961486816
6.3033318519592285
5.959953784942627
3.6267969608306885
7.544159412384033
6.927038192749023
8.148123741149902
6.3040995597839355
5.961028099060059
3.6271400451660156
7.544488906860352
6.926905632019043
8.14865493774414
6.304854393005371
5.962084770202637
3.6274774074554443
7.54481315612793
6.926774978637695
8.149176597595215
6.305596351623535
5.963123798370361
3.6278092861175537
7.545132160186768
6.926646709442139
8.149689674377441
6.306325912475586
5.964145183563232
3.6281354427337646
7.545445442199707
6.926520347595215
8.15019416809082
6.307043552398682
5.965149879455566
3.6284563541412354
7.545753479003906
6.926396369934082
8.150691032409668
6.307749271392822
5.966137886047363
3.6287717819213867
7.546056747436523
6.926274299621582
8.151179313659668
6.308443069458008
5.967109203338623
3.629081964492798
7.5463547706604
6.926154136657715
8.15165901184082
6.3091254234313965
5.968064308166504
3.6293869018554688
7.546648025512695
6.926036357879639
8.152131080627441
6.309796333312988
5.969003677368164
3.6296868324279785
7.54693603515625
6.925920486450195
8.152595520019531
6.310456275939941
5.9699273109436035
3.629981756210327
7.547219276428223
6.925806522369385
8.15305233001709
6.311105251312256
5.9708356857299805
3.6302716732025146
7.547497749328613
6.925694465637207
8.153501510620117
6.311743259429932
5.971728801727295
3.63055682182312
7.54777193069458
6.925584316253662
8.153943061828613
6.312370777130127
5.972607135772705
3.6308372020721436
7.548041343688965
6.925475597381592
8.154376983642578
6.312987804412842
5.973470687866211
3.631113052368164
7.548306465148926
6.925368785858154
8.154803276062012
6.313594341278076
5.974319934844971
3.6313841342926025
7.548566818237305
6.92526388168335
8.15522289276123
6.314190864562988
5.975154876708984
3.631650686264038
7.54882287979126
6.925160884857178
8.155635833740234
6.314777374267578
5.97597599029541
3.63191294670105
7.549074649810791
6.9250593185424805
8.156041145324707
6.315354347229004
5.976783275604248
3.6321706771850586
7.549322605133057
6.924959659576416
8.156439781188965
6.315921306610107
5.977577209472656
3.6324241161346436
7.549566268920898
6.924861431121826
8.156831741333008
6.316479206085205
5.978357791900635
3.632673501968384
7.549805641174316
6.924765110015869
8.157217979431152
6.317027568817139
5.979125499725342
3.6329185962677
7.550041198730469
6.924670219421387
8.157597541809082
6.317566871643066
5.979880332946777
3.633159637451172
7.5502729415893555
6.924576759338379
8.157970428466797
6.318097114562988
5.9806227684021
3.633396625518799
7.550500869750977
6.924485206604004
8.158337593078613
6.3186187744140625
5.981352806091309
3.63362979888916
7.550724983215332
6.9243950843811035
8.158698081970215
6.319131374359131
5.982070446014404
3.6338589191436768
7.550945281982422
6.924306392669678
8.159052848815918
6.319635391235352
5.982776165008545
3.6340842247009277
7.551161766052246
6.924219131469727
8.159401893615723
6.320131301879883
5.983470439910889
3.634305953979492
7.551374912261963
6.92413330078125
8.159745216369629
6.320618629455566
5.984152793884277
3.634523868560791
7.551584243774414
6.924048900604248
8.160082817077637
6.3210978507995605
5.984823703765869
3.6347382068634033
7.551790237426758
6.923965930938721
8.160414695739746
6.321569442749023
5.985483646392822
3.634948968887329
7.551992893218994
6.923884391784668
8.160740852355957
6.322032928466797
5.986132621765137
3.6351561546325684
7.552192211151123
6.92380428314209
8.16106128692627
6.322488784790039
5.9867706298828125
3.6353600025177
7.5523881912231445
6.923725605010986
8.161376953125
6.32293701171875
5.987398147583008
3.6355602741241455
7.552580833435059
6.923647880554199
8.161686897277832
6.32337760925293
5.988015174865723
3.6357572078704834
7.552770137786865
6.923571586608887
8.161992073059082
6.323811054229736
5.988621711730957
3.635951042175293
7.5529561042785645
6.923496723175049
8.162291526794434
6.32423734664917
5.989218235015869
3.636141538619995
7.5531392097473145
6.923422813415527
8.162586212158203
6.3246564865112305
5.989804744720459
3.636328935623169
7.553319454193115
6.9233503341674805
8.16287612915039
6.325068473815918
5.990381717681885
3.6365132331848145
7.553496360778809
6.923279285430908
8.163161277770996
6.325473785400391
5.9909491539001465
3.6366944313049316
7.553670406341553
6.923209190368652
8.16344165802002
6.325872421264648
5.991507053375244
3.6368725299835205
7.553841590881348
6.923140048980713
8.163717269897461
6.326264381408691
5.992055416107178
3.63704776763916
7.554009914398193
6.923072338104248
8.16398811340332
6.3266496658325195
5.9925947189331055
3.6372199058532715
7.55417537689209
6.9230055809021
8.164255142211914
6.327028751373291
5.993124961853027
3.6373891830444336
7.554337978363037
6.922940254211426
8.164517402648926
6.327401161193848
5.993646621704102
3.6375558376312256
7.554498195648193
6.922875881195068
8.164774894714355
6.327767372131348
5.994159698486328
3.6377196311950684
7.5546555519104
6.922812461853027
8.16502857208252
6.328127861022949
5.994664192199707
3.637880802154541
7.554810523986816
6.922749996185303
8.165277481079102
6.328482151031494
5.995160102844238
3.6380391120910645
7.554962635040283
6.922688961029053
8.165522575378418
6.328830718994141
5.99564790725708
3.6381947994232178
7.555112361907959
6.922628879547119
8.165763854980469
6.3291730880737305
5.996127605438232
3.638347864151001
7.555259704589844
6.922569751739502
8.166000366210938
6.329509735107422
5.996599197387695
3.638498544692993
7.555404186248779
6.922511577606201
8.16623306274414
6.329841136932373
5.997062683105469
3.6386466026306152
7.555546283721924
6.922454357147217
8.166461944580078
6.330166816711426
5.997518539428711
3.6387922763824463
7.555685997009277
6.922398090362549
8.16668701171875
6.330487251281738
5.997966766357422
3.6389355659484863
7.555823802947998
6.922342777252197
8.166908264160156
6.330801963806152
5.99840784072876
3.6390764713287354
7.555959224700928
6.922288417816162
8.167125701904297
6.331111431121826
5.998841285705566
3.6392149925231934
7.556092262268066
6.922235012054443
8.167340278625488
6.331416130065918
5.999267578125
3.6393511295318604
7.556222915649414
6.922182559967041
8.167551040649414
6.3317155838012695
5.9996867179870605
3.6394848823547363
7.556351661682129
6.922130584716797
8.167757987976074
6.332010269165039
6.000098705291748
3.6396164894104004
7.556478023529053
6.922079563140869
8.167962074279785
6.332299709320068
6.000504016876221
3.6397459506988525
7.556602478027344
6.922029495239258
8.16816234588623
6.332584381103516
6.0009026527404785
3.6398732662200928
7.556725025177002
6.921980381011963
8.168359756469727
6.332864284515381
6.0012946128845215
3.639998435974121
7.556845188140869
6.921931743621826
8.168553352355957
6.333139419555664
6.00167989730835
3.6401214599609375
7.5569634437561035
6.921884059906006
8.168744087219238
6.333410263061523
6.002058982849121
3.640242576599121
7.557079792022705
6.921837329864502
8.168931007385254
6.333676338195801
6.002431869506836
3.6403615474700928
7.557194232940674
6.921791076660156
8.16911506652832
6.333938121795654
6.002798557281494
3.6404786109924316
7.55730676651001
6.921745777130127
8.169296264648438
6.334195613861084
6.003159046173096
3.6405937671661377
7.557417392730713
6.921701431274414
8.169474601745605
6.33444881439209
6.003513336181641
3.640707015991211
7.557526111602783
6.921657562255859
8.169650077819824
6.334697723388672
6.003861904144287
3.6408183574676514
7.557632923126221
6.921614646911621
8.169822692871094
6.33494234085083
6.004204750061035
3.640927791595459
7.557738304138184
6.921572208404541
8.169992446899414
6.335183143615723
6.004541873931885
3.641035318374634
7.557841777801514
6.921530723571777
8.170159339904785
6.335419654846191
6.004873275756836
3.641141176223755
7.557943344116211
6.921489715576172
8.170323371887207
6.3356523513793945
6.005198955535889
3.641245126724243
7.558043479919434
6.921449661254883
8.17048454284668
6.335881233215332
6.005519390106201
3.6413474082946777
7.558141708374023
6.921410083770752
8.170642852783203
6.336106300354004
6.005834579467773
3.6414480209350586
7.558238506317139
6.921370983123779
8.170798301696777
6.33632755279541
6.0061445236206055
3.6415469646453857
7.558333396911621
6.921332836151123
8.170951843261719
6.336544990539551
6.006449222564697
3.641644239425659
7.558426856994629
6.921295166015625
8.171102523803711
6.336759090423584
6.006748676300049
3.641739845275879
7.558518886566162
6.921257972717285
8.171250343322754
6.336969375610352
6.007043361663818
3.641834020614624
7.558609485626221
6.921221733093262
8.171396255493164
6.337176322937012
6.007332801818848
3.6419265270233154
7.5586981773376465
6.9211859703063965
8.171539306640625
6.3373799324035645
6.007617473602295
3.642017364501953
7.558785438537598
6.9211506843566895
8.171680450439453
6.33758020401001
6.00789737701416
3.642106771469116
7.558871269226074
6.921115875244141
8.171818733215332
6.337777137756348
6.008172988891602
3.6421947479248047
7.558955669403076
6.921082019805908
8.171955108642578
6.337970733642578
6.008443832397461
3.6422812938690186
7.5590386390686035
6.921048641204834
8.172088623046875
6.338160991668701
6.008709907531738
3.642366409301758
7.559120178222656
6.921015739440918
8.172220230102539
6.338347911834717
6.008971691131592
3.6424500942230225
7.559200763702393
6.92098331451416
8.17234992980957
6.338531970977783
6.0092291831970215
3.6425323486328125
7.559279918670654
6.9209513664245605
8.172476768493652
6.338712692260742
6.009482383728027
3.642613172531128
7.559357643127441
6.920919895172119
8.172601699829102
6.338890552520752
6.009731292724609
3.6426925659179688
7.559433937072754
6.920888900756836
8.172724723815918
6.3390655517578125
6.009975910186768
3.642770767211914
7.55950927734375
6.920858860015869
8.172845840454102
6.339237689971924
6.01021671295166
3.6428475379943848
7.5595831871032715
6.9208292961120605
8.172965049743652
6.339406967163086
6.010453224182129
3.64292311668396
7.559655666351318
6.92080020904541
8.17308235168457
6.339573383331299
6.010685920715332
3.6429975032806396
7.559727191925049
6.92077112197876
8.173197746276855
6.3397369384765625
6.0109148025512695
3.643070697784424
7.559797286987305
6.920742988586426
8.173311233520508
6.339897632598877
6.011139869689941
3.643070697784424
7.559797286987305
6.920714855194092
8.173422813415527
6.3400559425354
6.011361122131348
3.643070697784424
7.559797286987305
6.920687675476074
8.173532485961914
6.340211391448975
6.011578559875488
3.643070697784424
7.559797286987305
6.920660972595215
8.173640251159668
6.340364456176758
6.0117926597595215
3.643070697784424
7.559797286987305
6.9206342697143555
8.173746109008789
6.340514659881592
6.012002944946289
3.643070697784424
7.559797286987305
6.920608043670654
8.173850059509277
6.340662479400635
6.012209892272949
3.643070697784424
7.559797286987305
6.920582294464111
8.173952102661133
6.340807914733887
6.012413501739502
3.643070697784424
7.559797286987305
6.920557022094727
8.174052238464355
6.340950965881348
6.012613773345947
3.643070697784424
7.559797286987305
6.9205322265625
8.174151420593262
6.341091632843018
6.012810707092285
3.643070697784424
7.559797286987305
6.9205322265625
8.174151420593262
6.3412299156188965
6.013004302978516
3.643070697784424
7.559797286987305
6.9205322265625
8.174151420593262
6.341365814208984
6.013194561004639
3.643070697784424
7.559797286987305
6.9205322265625
8.174151420593262
6.341499328613281
6.013381481170654
3.643070697784424
7.559797286987305
6.9205322265625
8.174151420593262
6.341630935668945
6.013565540313721
3.643070697784424
7.559797286987305
6.9205322265625
8.174151420593262
6.341760158538818
6.01374626159668
3.643070697784424
7.559797286987305
6.9205322265625
8.174151420593262
6.341887474060059
6.0139241218566895
3.643070697784424
7.559797286987305
6.9205322265625
8.174151420593262
6.342012405395508
6.01409912109375
3.643070697784424
7.559797286987305
6.9205322265625
8.174151420593262
6.342135429382324
6.014271259307861
3.643070697784424
7.559797286987305
6.9205322265625
8.174151420593262
6.34225606918335
6.014440536499023
3.643070697784424
7.559797286987305
6.9205322265625
8.174151420593262
6.342374801635742
6.014606952667236
3.643070697784424
7.559797286987305
6.9205322265625
8.174151420593262
6.342491626739502
6.0147705078125
3.643070697784424
7.559797286987305
6.9205322265625
8.174151420593262
6.342606544494629
6.0149312019348145
3.643070697784424
7.559797286987305
6.9205322265625
8.174151420593262
6.342719554901123
6.015089511871338
3.643070697784424
7.559797286987305
6.9205322265625
8.174151420593262
6.342830657958984
6.015244960784912
3.643070697784424
7.559797286987305
6.9205322265625
8.174151420593262
6.342939853668213
6.015398025512695
3.643070697784424
7.559797286987305
6.9205322265625
8.174151420593262
6.343047142028809
6.015548229217529
3.643070697784424
7.559797286987305
6.9205322265625
8.174151420593262
6.34315299987793
6.015696048736572
3.643070697784424
7.559797286987305
6.9205322265625
8.174151420593262
6.343256950378418
6.015841484069824
3.643070697784424
7.559797286987305
6.9205322265625
8.174151420593262
6.343358993530273
6.015984535217285
3.643070697784424
7.559797286987305
6.9205322265625
8.174151420593262
6.343459606170654
6.016125202178955
3.643070697784424
7.559797286987305
6.9205322265625
8.174151420593262
6.343558311462402
6.016263484954834
3.643070697784424
7.559797286987305
6.9205322265625
8.174151420593262
6.343655586242676
6.016399383544922
3.643070697784424
7.559797286987305
6.9205322265625
8.174151420593262
6.343750953674316
6.016532897949219
3.643070697784424
7.559797286987305
6.9205322265625
8.174151420593262
6.343844890594482
6.016664505004883
3.643070697784424
7.559797286987305
6.9205322265625
8.174151420593262
6.343937397003174
6.016793727874756
3.643070697784424
7.559797286987305
6.9205322265625
8.174151420593262
6.344027996063232
6.016921043395996
3.643070697784424
7.559797286987305
6.9205322265625
8.174151420593262
6.344117164611816
6.017045974731445
3.643070697784424
7.559797286987305
6.9205322265625
8.174151420593262
6.344204902648926
6.017168998718262
3.643070697784424
7.559797286987305
6.9205322265625
8.174151420593262
6.3442912101745605
6.017289638519287
3.643070697784424
7.559797286987305
6.9205322265625
8.174151420593262
6.344376087188721
6.01740837097168
3.643070697784424
7.559797286987305
6.9205322265625
8.174151420593262
6.344459533691406
6.0175251960754395
3.643070697784424
7.559797286987305
6.9205322265625
8.174151420593262
6.344541549682617
6.017640113830566
3.643070697784424
7.559797286987305
6.9205322265625
8.174151420593262
6.3446221351623535
6.0177531242370605
3.643070697784424
7.559797286987305
6.9205322265625
8.174151420593262
6.344701290130615
6.017864227294922
3.643070697784424
7.559797286987305
6.9205322265625
8.174151420593262
6.3447794914245605
6.01797342300415
3.643070697784424
7.559797286987305
6.9205322265625
8.174151420593262
6.344856262207031
6.018080711364746
3.643070697784424
7.559797286987305
6.9205322265625
8.174151420593262
6.344931602478027
6.018186569213867
3.643070697784424
7.559797286987305
6.9205322265625
8.174151420593262
6.345005989074707
6.0182905197143555
3.643070697784424
7.559797286987305
6.9205322265625
8.174151420593262
6.345078945159912
6.018392562866211
3.643070697784424
7.559797286987305
6.9205322265625
8.174151420593262
6.345150470733643
6.018493175506592
3.643070697784424
7.559797286987305
6.9205322265625
8.174151420593262
6.345221042633057
6.01859188079834
3.643070697784424
7.559797286987305
6.9205322265625
8.174151420593262
6.345290660858154
6.018689155578613
3.643070697784424
7.559797286987305
6.9205322265625
8.174151420593262
6.345358848571777
6.018784523010254
3.643070697784424
7.559797286987305
6.9205322265625
8.174151420593262
6.345426082611084
6.01887845993042
3.643070697784424
7.559797286987305
6.9205322265625
8.174151420593262
6.345491886138916
6.018970966339111
3.643070697784424
7.559797286987305
6.9205322265625
8.174151420593262
6.345556735992432
6.01906156539917
3.643070697784424
7.559797286987305
6.9205322265625
8.174151420593262
6.345620632171631
6.019150733947754
3.643070697784424
7.559797286987305
6.9205322265625
8.174151420593262
6.345683574676514
6.019238471984863
3.643070697784424
7.559797286987305
6.9205322265625
8.174151420593262
6.345745086669922
6.019324779510498
3.643070697784424
7.559797286987305
6.9205322265625
8.174151420593262
6.345805644989014
6.019409656524658
3.643070697784424
7.559797286987305
6.9205322265625
8.174151420593262
6.345865249633789
6.019493103027344
3.643070697784424
7.559797286987305
6.9205322265625
8.174151420593262
6.345923900604248
6.019575119018555
3.643070697784424
7.559797286987305
6.9205322265625
8.174151420593262
