3.6499574184417725
7.293416976928711
7.2486772537231445
6.108860969543457
6.786581993103027
8.049376487731934
3.6499574184417725
7.293416976928711
7.2486772537231445
6.108860969543457
5.424299240112305
9.513680458068848
3.6499574184417725
7.293416976928711
7.2486772537231445
6.108860969543457
4.084721088409424
10.95357894897461
3.6499574184417725
7.293416976928711
7.2486772537231445
6.108860969543457
4.614057540893555
11.61404037475586
3.6499574184417725
7.293416976928711
7.2486772537231445
6.108860969543457
5.554698944091797
12.089859008789062
3.6499574184417725
7.293416976928711
7.2486772537231445
6.108860969543457
5.571898937225342
12.281813621520996
3.6499574184417725
7.293416976928711
7.2486772537231445
6.108860969543457
5.053314208984375
12.307011604309082
3.6499574184417725
7.293416976928711
7.2486772537231445
6.108860969543457
4.543372631072998
12.331789016723633
3.6499574184417725
7.293416976928711
7.2486772537231445
6.108860969543457
4.155297756195068
12.33265209197998
3.6499574184417725
7.293416976928711
7.2486772537231445
6.108860969543457
4.374605178833008
12.21173095703125
3.6499574184417725
7.293416976928711
7.2486772537231445
6.108860969543457
4.590257167816162
12.092824935913086
3.6499574184417725
7.293416976928711
7.2486772537231445
6.108860969543457
4.8023152351379395
11.975900650024414
3.6499574184417725
7.293416976928711
7.2486772537231445
6.108860969543457
5.010838985443115
11.860925674438477
3.6499574184417725
7.293416976928711
7.2486772537231445
6.108860969543457
5.215887069702148
11.7478666305542
3.6499574184417725
7.293416976928711
7.2486772537231445
6.108860969543457
5.41751766204834
11.63669204711914
3.6499574184417725
7.293416976928711
7.2486772537231445
6.108860969543457
5.615787982940674
11.52737045288086
3.6499574184417725
7.293416976928711
7.2486772537231445
6.108860969543457
5.81075382232666
11.419870376586914
3.6499574184417725
7.293416976928711
7.2486772537231445
6.108860969543457
6.002470016479492
11.314162254333496
3.6499574184417725
7.293416976928711
7.2486772537231445
6.108860969543457
6.152978897094727
11.206672668457031
3.6499574184417725
7.293416976928711
7.2486772537231445
6.108860969543457
6.101029872894287
11.094817161560059
3.6499574184417725
7.293416976928711
7.2486772537231445
6.108860969543457
6.0499467849731445
10.98482608795166
3.6499574184417725
7.293416976928711
7.2486772537231445
6.108860969543457
5.999715328216553
10.876667976379395
3.6499574184417725
7.293416976928711
7.2486772537231445
6.108860969543457
5.950320720672607
10.770312309265137
3.6499574184417725
7.293416976928711
7.2486772537231445
6.108860969543457
5.901749610900879
10.665729522705078
3.6499574184417725
7.293416976928711
7.2486772537231445
6.108860969543457
5.853988170623779
10.562889099121094
3.6499574184417725
7.293416976928711
7.2486772537231445
6.108860969543457
5.807022571563721
10.461763381958008
3.6499574184417725
7.293416976928711
7.2486772537231445
6.108860969543457
5.760839462280273
10.362322807312012
3.6499574184417725
7.293416976928711
7.2486772537231445
6.108860969543457
5.715426445007324
10.26453971862793
3.6499574184417725
7.293416976928711
7.2486772537231445
6.108860969543457
5.670770168304443
10.168386459350586
3.6499574184417725
7.293416976928711
7.2486772537231445
6.108860969543457
5.626858234405518
10.073835372924805
3.6499574184417725
7.293416976928711
7.2486772537231445
6.108860969543457
5.583678245544434
9.980860710144043
3.6499574184417725
7.293416976928711
7.2486772537231445
6.108860969543457
5.541217803955078
9.889434814453125
3.6499574184417725
7.293416976928711
7.2486772537231445
6.108860969543457
5.499464988708496
9.799532890319824
3.6499574184417725
7.293416976928711
7.2486772537231445
6.108860969543457
5.458407878875732
9.711129188537598
3.6499574184417725
7.293416976928711
7.2486772537231445
6.108860969543457
5.41803503036499
9.624198913574219
3.6499574184417725
7.293416976928711
7.2486772537231445
6.108860969543457
5.378335475921631
9.538717269897461
3.6499574184417725
7.293416976928711
7.2486772537231445
6.108860969543457
5.339297294616699
9.454660415649414
3.6499574184417725
7.293416976928711
7.2486772537231445
6.108860969543457
5.300909996032715
9.372004508972168
3.6499574184417725
7.293416976928711
7.2486772537231445
6.108860969543457
5.263162136077881
9.290726661682129
3.6499574184417725
7.293416976928711
7.2486772537231445
6.108860969543457
5.226043701171875
9.210803031921387
3.6499574184417725
7.293416976928711
7.2486772537231445
6.108860969543457
5.189543724060059
9.132211685180664
3.6499574184417725
7.293416976928711
7.2486772537231445
6.108860969543457
5.153652191162109
9.054930686950684
3.6499574184417725
7.293416976928711
7.2486772537231445
6.108860969543457
5.118358612060547
8.978937149047852
3.6499574184417725
7.293416976928711
7.2486772537231445
6.108860969543457
5.083653450012207
8.904210090637207
3.6499574184417725
7.293416976928711
7.2486772537231445
6.108860969543457
5.049526691436768
8.830728530883789
3.6499574184417725
7.293416976928711
7.2486772537231445
6.108860969543457
5.0159687995910645
8.758471488952637
3.6201202869415283
7.257063388824463
7.2486772537231445
6.108860969543457
5.012807846069336
8.723772048950195
3.5855276584625244
7.214282035827637
7.2486772537231445
6.108860969543457
5.014951705932617
8.696684837341309
3.551511526107788
7.172214031219482
7.2486772537231445
6.108860969543457
5.017059803009033
8.670049667358398
3.5180623531341553
7.130846977233887
7.2486772537231445
6.108860969543457
5.0191330909729
8.643857955932617
3.485170602798462
7.090169429779053
7.2486772537231445
6.108860969543457
5.021171569824219
8.61810302734375
3.452827215194702
7.050169944763184
7.2486772537231445
6.108860969543457
5.023176193237305
8.592777252197266
3.421022891998291
7.010837078094482
7.2486772537231445
6.108860969543457
5.025147438049316
8.567873001098633
3.3897485733032227
6.9721598625183105
7.2486772537231445
6.108860969543457
5.027085781097412
8.543384552001953
3.3589954376220703
6.934126853942871
7.2486772537231445
6.108860969543457
5.02899169921875
8.519304275512695
3.3287549018859863
6.896728038787842
7.2486772537231445
6.108860969543457
5.0308661460876465
8.495625495910645
3.299018383026123
6.859952449798584
7.2486772537231445
6.108860969543457
5.032709121704102
8.47234058380127
3.269777536392212
6.823789596557617
7.2486772537231445
6.108860969543457
5.034521579742432
8.449443817138672
3.2410240173339844
6.788229465484619
7.2486772537231445
6.108860969543457
5.036303520202637
8.426928520202637
3.212749719619751
6.753262042999268
7.2486772537231445
6.108860969543457
5.038055896759033
8.404788970947266
3.1849465370178223
6.71887731552124
7.2486772537231445
6.108860969543457
5.039779186248779
8.383018493652344
3.157606840133667
6.685065746307373
7.2486772537231445
6.108860969543457
5.041473865509033
8.361610412597656
3.130722761154175
6.651817798614502
7.2486772537231445
6.108860969543457
5.043139934539795
8.340559005737305
3.1042866706848145
6.619123935699463
7.2486772537231445
6.108860969543457
5.044778347015381
8.31985855102539
3.078291177749634
6.58697509765625
7.2486772537231445
6.108860969543457
5.046389579772949
8.299503326416016
3.0527291297912598
6.555362224578857
7.2486772537231445
6.108860969543457
5.0479736328125
8.279487609863281
3.027592897415161
6.524276256561279
7.2486772537231445
6.108860969543457
5.04953145980835
8.259805679321289
3.002875804901123
6.49370813369751
7.2486772537231445
6.108860969543457
5.051063537597656
8.24045181274414
2.9785704612731934
6.463649749755859
7.2486772537231445
6.108860969543457
5.05256986618042
8.221420288085938
2.9546704292297363
6.434092044830322
7.2486772537231445
6.108860969543457
5.054050922393799
8.202705383300781
2.931168556213379
6.405026912689209
7.2486772537231445
6.108860969543457
5.055507659912109
8.18430233001709
2.9080584049224854
6.37644624710083
7.2486772537231445
6.108860969543457
5.056940078735352
8.166206359863281
2.88533353805542
6.348341941833496
7.2486772537231445
6.108860969543457
5.058348655700684
8.148411750793457
2.8629872798919678
6.320705890655518
7.2486772537231445
6.108860969543457
5.0597333908081055
8.130913734436035
2.8410134315490723
6.293530464172363
7.2486772537231445
6.108860969543457
5.061095237731934
8.113707542419434
2.8194057941436768
6.266808032989502
7.2486772537231445
6.108860969543457
5.062434196472168
8.09678840637207
2.7981584072113037
6.240530967712402
7.2486772537231445
6.108860969543457
5.063751220703125
8.080150604248047
2.7772650718688965
6.214692115783691
7.2486772537231445
6.108860969543457
5.065046310424805
8.063790321350098
2.7567200660705566
6.189283847808838
7.2486772537231445
6.108860969543457
5.066319465637207
8.04770278930664
2.7365174293518066
6.164299011230469
7.2486772537231445
6.108860969543457
5.067571640014648
8.031883239746094
2.716651439666748
6.139730453491211
7.2486772537231445
6.108860969543457
5.068802833557129
8.016327857971191
2.6971166133880615
6.11557149887085
7.2486772537231445
6.108860969543457
5.070013523101807
8.001031875610352
2.6779074668884277
6.091814994812012
7.2486772537231445
6.108860969543457
5.07120418548584
7.985990524291992
2.6590182781219482
6.068454742431641
7.2486772537231445
6.108860969543457
5.0723748207092285
7.971199989318848
2.640444040298462
6.045483589172363
7.2486772537231445
6.108860969543457
5.073525905609131
7.956655979156494
2.6221792697906494
6.022895336151123
7.2486772537231445
6.108860969543457
5.074657917022705
7.942354202270508
2.6042189598083496
6.000683784484863
7.2486772537231445
6.108860969543457
5.075770854949951
7.928290843963623
2.5865581035614014
5.978842258453369
7.2486772537231445
6.108860969543457
5.076865196228027
7.914461612701416
2.5691914558410645
5.957364559173584
7.2486772537231445
6.108860969543457
5.077941417694092
7.900863170623779
2.552114248275757
5.936244964599609
7.2486772537231445
6.108860969543457
5.078999996185303
7.887491226196289
2.5353217124938965
5.915477275848389
7.2486772537231445
6.108860969543457
5.08004093170166
7.87434196472168
2.5188090801239014
5.895055770874023
7.2486772537231445
6.108860969543457
5.081064224243164
7.861412048339844
2.5025715827941895
5.874974727630615
7.2486772537231445
6.108860969543457
5.082070350646973
7.848697662353516
2.498542547225952
5.857176780700684
7.2486772537231445
6.108860969543457
5.083059787750244
7.83619499206543
2.4945082664489746
5.839693546295166
7.2486772537231445
6.108860969543457
5.084033012390137
7.8239006996154785
2.490483045578003
5.822515964508057
7.2486772537231445
6.108860969543457
5.08499002456665
7.811811447143555
2.486478567123413
5.805636405944824
7.2486772537231445
6.108860969543457
5.085930824279785
7.799923896789551
2.482503652572632
5.789047718048096
7.2486772537231445
6.108860969543457
5.086855888366699
7.788234233856201
2.478565216064453
5.772742748260498
7.2486772537231445
6.108860969543457
5.087765693664551
7.776739597320557
2.474668502807617
5.756715774536133
7.2486772537231445
6.108860969543457
5.08866024017334
7.765436172485352
2.470817804336548
5.740960597991943
7.2486772537231445
6.108860969543457
5.089540004730225
7.754321575164795
2.4670159816741943
5.725471496582031
7.2486772537231445
6.108860969543457
5.090404987335205
7.743391990661621
2.4632654190063477
5.7102437019348145
7.2486772537231445
6.108860969543457
5.0912556648254395
7.732644557952881
2.4595675468444824
5.695272445678711
7.2486772537231445
6.108860969543457
5.092092037200928
7.722076416015625
2.4559237957000732
5.6805524826049805
7.2486772537231445
6.108860969543457
5.092914581298828
7.711684226989746
2.452334403991699
5.666079521179199
7.2486772537231445
6.108860969543457
5.093723297119141
7.701465129852295
2.4487998485565186
5.651848793029785
7.2486772537231445
6.108860969543457
5.094518661499023
7.691416263580322
2.4453201293945312
5.637856483459473
7.2486772537231445
6.108860969543457
5.095300674438477
7.681535243988037
2.4418954849243164
5.624098300933838
7.2486772537231445
6.108860969543457
5.096069812774658
7.671818733215332
2.4385251998901367
5.610569477081299
7.2486772537231445
6.108860969543457
5.096826076507568
7.662264347076416
2.435209035873413
5.597266674041748
7.2486772537231445
6.108860969543457
5.097569942474365
7.65286922454834
2.4319465160369873
5.58418607711792
7.2486772537231445
6.108860969543457
5.098301410675049
7.643630504608154
2.428737163543701
5.571323871612549
7.2486772537231445
6.108860969543457
5.099020481109619
7.634545803070068
2.4255800247192383
5.558676719665527
7.2486772537231445
6.108860969543457
5.099727630615234
7.625612258911133
2.4224748611450195
5.546240329742432
7.2486772537231445
6.108860969543457
5.1004228591918945
7.616827964782715
2.4194207191467285
5.534010887145996
7.2486772537231445
6.108860969543457
5.101106643676758
7.608190059661865
2.416416883468628
5.52198600769043
7.2486772537231445
6.108860969543457
5.101778984069824
7.599696159362793
2.4134628772735596
5.510161399841309
7.2486772537231445
6.108860969543457
5.102439880371094
7.591343879699707
2.410557508468628
5.498533725738525
7.2486772537231445
6.108860969543457
5.103089809417725
7.583130836486816
2.407700300216675
5.487100124359131
7.2486772537231445
6.108860969543457
5.103729248046875
7.57505464553833
2.404890537261963
5.475857257843018
7.2486772537231445
6.108860969543457
5.104357719421387
7.567112922668457
2.402127504348755
5.464801788330078
7.2486772537231445
6.108860969543457
5.104975700378418
7.559303283691406
2.3994104862213135
5.453930854797363
7.2486772537231445
6.108860969543457
5.105583667755127
7.551623821258545
2.3967385292053223
5.443241119384766
7.2486772537231445
6.108860969543457
5.1061811447143555
7.54407262802124
2.394111156463623
5.432729244232178
7.2486772537231445
6.108860969543457
5.10676908493042
7.536647319793701
2.3915271759033203
5.422392845153809
7.2486772537231445
6.108860969543457
5.107347011566162
7.529345512390137
2.388986349105835
5.412228584289551
7.2486772537231445
6.108860969543457
5.10791540145874
7.522165775299072
2.3864879608154297
5.402233600616455
7.2486772537231445
6.108860969543457
5.108474254608154
7.515105247497559
2.384031057357788
5.3924055099487305
7.2486772537231445
6.108860969543457
5.109023571014404
7.508162498474121
2.381614923477173
5.3827409744262695
7.2486772537231445
6.108860969543457
5.109563827514648
7.501335620880127
2.379239320755005
5.373237609863281
7.2486772537231445
6.108860969543457
5.110095024108887
7.494622707366943
2.3769030570983887
5.363892555236816
7.2486772537231445
6.108860969543457
5.110617637634277
7.488021373748779
2.374605655670166
5.354703426361084
7.2486772537231445
6.108860969543457
5.111131191253662
7.48153018951416
2.3723466396331787
5.345667362213135
7.2486772537231445
6.108860969543457
5.111636638641357
7.475147247314453
2.3701252937316895
5.336781978607178
7.2486772537231445
6.108860969543457
5.112133502960205
7.468870639801025
2.367940902709961
5.328044414520264
7.2486772537231445
6.108860969543457
5.112622261047363
7.462698459625244
2.365792989730835
5.31945276260376
7.2486772537231445
6.108860969543457
5.113102436065674
7.456629276275635
2.363680839538574
5.311004161834717
7.2486772537231445
6.108860969543457
5.113574981689453
7.4506611824035645
2.3616039752960205
5.302696228027344
7.2486772537231445
6.108860969543457
5.114039421081543
7.444792747497559
2.3595616817474365
5.294527053833008
7.2486772537231445
6.108860969543457
5.114496231079102
7.439022064208984
2.357553482055664
5.28649377822876
7.2486772537231445
6.108860969543457
5.114945411682129
7.433347702026367
2.355578660964966
5.278594493865967
7.2486772537231445
6.108860969543457
5.115386962890625
7.427767753601074
2.3536367416381836
5.270826816558838
7.2486772537231445
6.108860969543457
5.115821361541748
7.422280788421631
2.351727247238159
5.26318883895874
7.2486772537231445
6.108860969543457
5.116248607635498
7.4168853759765625
2.3498494625091553
5.255678176879883
7.2486772537231445
6.108860969543457
5.116668701171875
7.411579608917236
2.3480031490325928
5.248292446136475
7.2486772537231445
6.108860969543457
5.117081642150879
7.406362533569336
2.3461875915527344
5.241029739379883
7.2486772537231445
6.108860969543457
5.117487907409668
7.4012322425842285
2.344402313232422
5.233888149261475
7.2486772537231445
6.108860969543457
5.117887020111084
7.3961873054504395
2.342646598815918
5.226865768432617
7.2486772537231445
6.108860969543457
5.118279457092285
7.391226768493652
2.3409202098846436
5.2199602127075195
7.2486772537231445
6.108860969543457
5.11866569519043
7.386348724365234
2.3392226696014404
5.213170051574707
7.2486772537231445
6.108860969543457
5.119045257568359
7.381552219390869
2.3375532627105713
5.206492900848389
7.2486772537231445
6.108860969543457
5.119418621063232
7.376835346221924
2.335911750793457
5.199926853179932
7.2486772537231445
6.108860969543457
5.119785785675049
7.372197151184082
2.3342976570129395
5.193470478057861
7.2486772537231445
6.108860969543457
5.120146751403809
7.367636203765869
2.3327105045318604
5.187121391296387
7.2486772537231445
6.108860969543457
5.120501518249512
7.363151550292969
2.3311498165130615
5.180878162384033
7.2486772537231445
6.108860969543457
5.120850563049316
7.358741283416748
2.3296151161193848
5.174739360809326
7.2486772537231445
6.108860969543457
5.121193885803223
7.354404926300049
2.328105926513672
5.168702602386475
7.2486772537231445
6.108860969543457
5.1215314865112305
7.350140571594238
2.3266220092773438
5.162766456604004
7.2486772537231445
6.108860969543457
5.12186336517334
7.345947265625
2.325162649154663
5.1569294929504395
7.2486772537231445
6.108860969543457
5.122189521789551
7.341824054718018
2.323727607727051
5.151189804077148
7.2486772537231445
6.108860969543457
5.1225104331970215
7.337769508361816
2.3223166465759277
5.145545482635498
7.2486772537231445
6.108860969543457
5.122826099395752
7.33378267288208
2.3209290504455566
5.139995574951172
7.2486772537231445
6.108860969543457
5.123136520385742
7.329862117767334
2.3195645809173584
5.134538173675537
7.2486772537231445
6.108860969543457
5.123441696166992
7.326006889343262
2.318222999572754
5.129171371459961
7.2486772537231445
6.108860969543457
5.123741626739502
7.322216033935547
2.316903591156006
5.123894214630127
7.2486772537231445
6.108860969543457
5.12403678894043
7.318488121032715
2.3156063556671143
5.118704795837402
7.2486772537231445
6.108860969543457
5.124326705932617
7.314822673797607
2.314330577850342
5.113602161407471
7.2486772537231445
6.108860969543457
5.124611854553223
7.31121826171875
2.3130762577056885
5.108584403991699
7.2486772537231445
6.108860969543457
5.124892234802246
7.307673931121826
2.311842679977417
5.103650093078613
7.2486772537231445
6.108860969543457
5.125168323516846
7.3041887283325195
2.3106296062469482
5.0987982749938965
7.2486772537231445
6.108860969543457
5.125439643859863
7.3007612228393555
2.309436798095703
5.094027042388916
7.2486772537231445
6.108860969543457
5.125706195831299
7.297390937805176
2.3082640171051025
5.0893354415893555
7.2486772537231445
6.108860969543457
5.1259684562683105
7.294076919555664
2.3071107864379883
5.08472204208374
7.2486772537231445
6.108860969543457
5.126226425170898
7.290818214416504
2.305976629257202
5.080185413360596
7.2486772537231445
6.108860969543457
5.1264801025390625
7.287613868713379
2.304861545562744
5.0757246017456055
7.2486772537231445
6.108860969543457
5.126729488372803
7.284462928771973
2.303764820098877
5.071338176727295
7.2486772537231445
6.108860969543457
5.126974582672119
7.281364440917969
2.3026864528656006
5.0670247077941895
7.2486772537231445
6.108860969543457
5.12721586227417
7.278317451477051
2.301626205444336
5.062783241271973
7.2486772537231445
6.108860969543457
5.127452850341797
7.2753214836120605
2.300583600997925
5.05861234664917
7.2486772537231445
6.108860969543457
5.127686023712158
7.272375106811523
2.299558401107788
5.054511070251465
7.2486772537231445
6.108860969543457
5.127915382385254
7.269477844238281
2.2985501289367676
5.050477981567383
7.2486772537231445
6.108860969543457
5.128140926361084
7.266629219055176
2.2975587844848633
5.046512126922607
7.2486772537231445
6.108860969543457
5.128362655639648
7.263827800750732
2.296583890914917
5.042612552642822
7.2486772537231445
6.108860969543457
5.128580570220947
7.261073112487793
2.2956252098083496
5.038777828216553
7.2486772537231445
6.108860969543457
5.128795146942139
7.258364200592041
2.294682502746582
5.035006999969482
7.2486772537231445
6.108860969543457
5.1290059089660645
7.255700588226318
2.293755531311035
5.031299114227295
7.2486772537231445
6.108860969543457
5.129213333129883
7.253081321716309
2.29284405708313
5.027653217315674
7.2486772537231445
6.108860969543457
5.129417419433594
7.2505059242248535
2.291947841644287
5.0240678787231445
7.2486772537231445
6.108860969543457
5.129617691040039
7.247973442077637
2.2910664081573486
5.020542144775391
7.2486772537231445
6.108860969543457
5.129814624786377
7.245482921600342
2.2901997566223145
5.017075538635254
7.2486772537231445
6.108860969543457
5.130008220672607
7.2430338859558105
2.2893474102020264
5.01366662979126
7.2486772537231445
6.108860969543457
5.130198955535889
7.240625858306885
2.2885093688964844
5.010314464569092
7.2486772537231445
6.108860969543457
5.1303863525390625
7.238257884979248
2.2876853942871094
5.007018089294434
7.2486772537231445
6.108860969543457
5.130570888519287
7.235929489135742
2.286875009536743
5.003776550292969
7.2486772537231445
6.108860969543457
5.130752086639404
7.233639717102051
2.2860782146453857
5.000589370727539
7.2486772537231445
6.108860969543457
5.130930423736572
7.231388092041016
2.285294771194458
4.99745512008667
7.2486772537231445
6.108860969543457
5.131105899810791
7.2291741371154785
2.2845242023468018
4.994373321533203
7.2486772537231445
6.108860969543457
5.131278038024902
7.226996898651123
2.283766508102417
4.991342544555664
7.2486772537231445
6.108860969543457
5.1314473152160645
7.224855899810791
2.2830214500427246
4.9883623123168945
7.2486772537231445
6.108860969543457
5.131613731384277
7.222750663757324
2.2822887897491455
4.985431671142578
7.2486772537231445
6.108860969543457
5.131777763366699
7.2206807136535645
2.2815682888031006
4.982550144195557
7.2486772537231445
6.108860969543457
5.131938934326172
7.218645095825195
2.28085994720459
4.979716777801514
7.2486772537231445
6.108860969543457
5.132097244262695
7.216643333435059
2.280163288116455
4.976930618286133
7.2486772537231445
6.108860969543457
5.132253170013428
7.214674949645996
2.2794783115386963
4.974190711975098
7.2486772537231445
6.108860969543457
5.132406234741211
7.21273946762085
2.2788047790527344
4.97149658203125
7.2486772537231445
6.108860969543457
5.132556915283203
7.210836410522461
2.2781424522399902
4.968847274780273
7.2486772537231445
6.108860969543457
5.132705211639404
7.208964824676514
2.2774910926818848
4.96624231338501
7.2486772537231445
6.108860969543457
5.132850646972656
7.207124710083008
2.276850700378418
4.963680744171143
7.2486772537231445
6.108860969543457
5.132993698120117
7.205315113067627
2.2762210369110107
4.9611616134643555
7.2486772537231445
6.108860969543457
5.133134365081787
7.203535556793213
2.275601863861084
4.95868444442749
7.2486772537231445
6.108860969543457
5.133272647857666
7.201785564422607
2.2749929428100586
4.956248760223389
7.2486772537231445
6.108860969543457
5.133409023284912
7.2000651359558105
2.2743940353393555
4.953853607177734
7.2486772537231445
6.108860969543457
5.133543014526367
7.198373317718506
2.2738051414489746
4.951498508453369
7.2486772537231445
6.108860969543457
5.133674621582031
7.196709632873535
2.273226022720337
4.949182510375977
7.2486772537231445
6.108860969543457
5.1338043212890625
7.19507360458374
2.2726566791534424
4.946905136108398
7.2486772537231445
6.108860969543457
5.133931636810303
7.193464756011963
2.272096872329712
4.944665431976318
7.2486772537231445
6.108860969543457
5.13405704498291
7.191882610321045
2.2715463638305664
4.942463397979736
7.2486772537231445
6.108860969543457
5.134180068969727
7.190327167510986
2.2710049152374268
4.940298080444336
7.2486772537231445
6.108860969543457
5.13430118560791
7.188797473907471
2.270472526550293
4.938168525695801
7.2486772537231445
6.108860969543457
5.134420394897461
7.187293529510498
2.269948959350586
4.936074733734131
7.2486772537231445
6.108860969543457
5.134537696838379
7.185814380645752
2.2694342136383057
4.93401575088501
7.2486772537231445
6.108860969543457
5.134652614593506
7.184360027313232
2.268928050994873
4.931991100311279
7.2486772537231445
6.108860969543457
5.134765625
7.182929992675781
2.268430233001709
4.930000305175781
7.2486772537231445
6.108860969543457
5.134876728057861
7.18152379989624
2.2679407596588135
4.928042411804199
7.2486772537231445
6.108860969543457
5.134986400604248
7.180140972137451
2.2674593925476074
4.926117420196533
7.2486772537231445
6.108860969543457
5.135094165802002
7.178781032562256
2.266986131668091
4.924224376678467
7.2486772537231445
6.108860969543457
5.135200023651123
7.177443981170654
2.2665207386016846
4.922362804412842
7.2486772537231445
6.108860969543457
5.135303974151611
7.17612886428833
2.2660632133483887
4.9205322265625
7.2486772537231445
6.108860969543457
5.135406494140625
7.174835681915283
2.265613317489624
4.918732166290283
7.2486772537231445
6.108860969543457
5.135507106781006
7.173564434051514
2.2651708126068115
4.916962146759033
7.2486772537231445
6.108860969543457
5.135606288909912
7.172314167022705
2.264735698699951
4.915221691131592
7.2486772537231445
6.108860969543457
5.1357035636901855
7.171084880828857
2.264307737350464
4.913510322570801
7.2486772537231445
6.108860969543457
5.135799407958984
7.1698760986328125
2.2638869285583496
4.911827564239502
7.2486772537231445
6.108860969543457
5.13589334487915
7.168687343597412
2.2634732723236084
4.910172939300537
7.2486772537231445
6.108860969543457
5.135985851287842
7.167518138885498
2.263066530227661
4.90854549407959
7.2486772537231445
6.108860969543457
5.136076927185059
7.16636848449707
2.2626664638519287
4.90694522857666
7.2486772537231445
6.108860969543457
5.136166572570801
7.165238380432129
2.262273073196411
4.90537166595459
7.2486772537231445
6.108860969543457
5.13625431060791
7.164126873016357
2.2618863582611084
4.903824329376221
7.2486772537231445
6.108860969543457
5.136340618133545
7.163033962249756
2.2615060806274414
4.9023027420043945
7.2486772537231445
6.108860969543457
5.136425495147705
7.161959171295166
2.261132001876831
4.900806427001953
7.2486772537231445
6.108860969543457
5.136508941650391
7.160902500152588
2.2607641220092773
4.8993353843688965
7.2486772537231445
6.108860969543457
5.13659143447876
7.159863471984863
2.2604024410247803
4.897888660430908
7.2486772537231445
6.108860969543457
5.136672496795654
7.158841609954834
2.2600467205047607
4.896466255187988
7.2486772537231445
6.108860969543457
5.136752128601074
7.1578369140625
2.2596969604492188
4.89506721496582
7.2486772537231445
6.108860969543457
5.1368303298950195
7.156848907470703
2.2593531608581543
4.893691539764404
7.2486772537231445
6.108860969543457
5.13690710067749
7.155877113342285
2.2590150833129883
4.892338752746582
7.2486772537231445
6.108860969543457
5.1369829177856445
7.154921531677246
2.2586824893951416
4.8910088539123535
7.2486772537231445
6.108860969543457
5.137057304382324
7.153982162475586
2.2583556175231934
4.889700889587402
7.2486772537231445
6.108860969543457
5.137130260467529
7.153058052062988
2.2580339908599854
4.8884148597717285
7.2486772537231445
6.108860969543457
5.137202262878418
7.152149677276611
2.2577178478240967
4.887150287628174
7.2486772537231445
6.108860969543457
5.137272834777832
7.151256561279297
2.2574069499969482
4.88590669631958
7.2486772537231445
6.108860969543457
5.13734245300293
7.150378227233887
2.25710129737854
4.884684085845947
7.2486772537231445
6.108860969543457
5.137410640716553
7.149514198303223
2.256800651550293
4.883481502532959
7.2486772537231445
6.108860969543457
5.137477874755859
7.148664951324463
2.256505012512207
4.882298946380615
7.2486772537231445
6.108860969543457
5.13754415512085
7.147829532623291
2.2562143802642822
4.881136417388916
7.2486772537231445
6.108860969543457
5.137609004974365
7.147008419036865
2.2559285163879395
4.879992961883545
7.2486772537231445
6.108860969543457
5.1376729011535645
7.146200656890869
2.2556474208831787
4.878868579864502
7.2486772537231445
6.108860969543457
5.137735843658447
7.145406246185303
2.25537109375
4.877763271331787
7.2486772537231445
6.108860969543457
5.137797832489014
7.144625186920166
2.255099296569824
4.876676082611084
7.2486772537231445
6.108860969543457
5.1378583908081055
7.143857479095459
2.2548320293426514
4.875607013702393
7.2486772537231445
6.108860969543457
5.137917995452881
7.143102169036865
2.2545692920684814
4.874556064605713
7.2486772537231445
6.108860969543457
5.13797664642334
7.142359733581543
2.2543108463287354
4.8735222816467285
7.2486772537231445
6.108860969543457
5.138034343719482
7.141629695892334
2.254056692123413
4.8725056648254395
7.2486772537231445
6.108860969543457
5.138091087341309
7.14091157913208
2.2538068294525146
4.871506214141846
7.2486772537231445
6.108860969543457
5.138146877288818
7.140205383300781
2.253561019897461
4.870523452758789
7.2486772537231445
6.108860969543457
5.138201713562012
7.1395111083984375
2.253319501876831
4.869556903839111
7.2486772537231445
6.108860969543457
5.138255596160889
7.138828277587891
2.253081798553467
4.8686065673828125
7.2486772537231445
6.108860969543457
5.138308525085449
7.138156890869141
2.2528481483459473
4.867671966552734
7.2486772537231445
6.108860969543457
5.138360977172852
7.1374969482421875
2.2526183128356934
4.866753101348877
7.2486772537231445
6.108860969543457
5.1384124755859375
7.136847972869873
2.252392292022705
4.865849494934082
7.2486772537231445
6.108860969543457
5.138463020324707
7.136209487915039
2.2521700859069824
4.86496114730835
7.2486772537231445
6.108860969543457
5.13851261138916
7.135581970214844
2.2519516944885254
4.8640875816345215
7.2486772537231445
6.108860969543457
5.138561248779297
7.134964942932129
2.251736879348755
4.8632283210754395
7.2486772537231445
6.108860969543457
5.138609409332275
7.134357929229736
2.251525640487671
4.8623833656311035
7.2486772537231445
6.108860969543457
5.1386566162109375
7.133760929107666
2.2513179779052734
4.861552715301514
7.2486772537231445
6.108860969543457
5.138702869415283
7.133173942565918
2.2511136531829834
4.860735893249512
7.2486772537231445
6.108860969543457
5.138748645782471
7.132596969604492
2.25091290473938
4.8599324226379395
7.2486772537231445
6.108860969543457
5.138793468475342
7.1320295333862305
2.250715494155884
4.859142303466797
7.2486772537231445
6.108860969543457
5.138837814331055
7.131471633911133
2.250521183013916
4.858365535736084
7.2486772537231445
6.108860969543457
5.138881206512451
7.130922794342041
2.2503302097320557
4.857601642608643
7.2486772537231445
6.108860969543457
5.1389241218566895
7.130383014678955
2.2501425743103027
4.856850624084473
7.2486772537231445
6.108860969543457
5.138966083526611
7.129852294921875
2.249958038330078
4.856112003326416
7.2486772537231445
6.108860969543457
5.139007568359375
7.129330635070801
2.2497763633728027
4.855385780334473
7.2486772537231445
6.108860969543457
5.139048099517822
7.128817558288574
2.2495977878570557
4.854671478271484
7.2486772537231445
6.108860969543457
5.139088153839111
7.128313064575195
2.249422311782837
4.853969097137451
7.2486772537231445
6.108860969543457
5.139127254486084
7.127817153930664
2.2492496967315674
4.853278636932373
7.2486772537231445
6.108860969543457
5.139165878295898
7.127329349517822
2.249079942703247
4.852599620819092
7.2486772537231445
6.108860969543457
5.139204025268555
7.12684965133667
2.248913049697876
4.851932048797607
7.2486772537231445
6.108860969543457
5.1392412185668945
7.126378059387207
2.248749017715454
4.851275444030762
7.2486772537231445
6.108860969543457
5.139277935028076
7.125914096832275
2.2485876083374023
4.850629806518555
7.2486772537231445
6.108860969543457
5.1393141746521
7.125458240509033
2.2484288215637207
4.849995136260986
7.2486772537231445
6.108860969543457
5.139349460601807
7.125009536743164
2.248272657394409
4.849370956420898
7.2486772537231445
6.108860969543457
5.1393842697143555
7.124568462371826
2.2481191158294678
4.848757266998291
7.2486772537231445
6.108860969543457
5.139418601989746
7.1241350173950195
2.2479681968688965
4.848153591156006
7.2486772537231445
6.108860969543457
5.1394524574279785
7.123708724975586
2.2478199005126953
4.847559928894043
7.2486772537231445
6.108860969543457
5.139485836029053
7.123289585113525
2.247673988342285
4.846976280212402
7.2486772537231445
6.108860969543457
5.1395182609558105
7.12287712097168
2.247530460357666
4.846402168273926
7.2486772537231445
6.108860969543457
5.13955020904541
7.122471809387207
2.247389316558838
4.845837593078613
7.2486772537231445
6.108860969543457
5.139581680297852
7.122073173522949
2.247250556945801
4.845282554626465
7.2486772537231445
6.108860969543457
5.139612674713135
7.121681213378906
2.2471141815185547
4.844736576080322
7.2486772537231445
6.108860969543457
5.13964319229126
7.12129545211792
2.2469799518585205
4.844200134277344
7.2486772537231445
6.108860969543457
5.139673233032227
7.120916366577148
2.2468481063842773
4.843672275543213
7.2486772537231445
6.108860969543457
5.139702796936035
7.120543479919434
2.246718406677246
4.843153476715088
7.2486772537231445
6.108860969543457
5.1397318840026855
7.120176792144775
2.2465908527374268
4.8426432609558105
7.2486772537231445
6.108860969543457
5.139760494232178
7.119816303253174
2.2464654445648193
4.842141628265381
7.2486772537231445
6.108860969543457
5.139788627624512
7.119462013244629
2.246342182159424
4.841648101806641
7.2486772537231445
6.108860969543457
5.1398162841796875
7.119113445281982
2.246220827102661
4.84116268157959
7.2486772537231445
6.108860969543457
5.139843463897705
7.118770599365234
2.2461016178131104
4.8406853675842285
7.2486772537231445
6.108860969543457
5.1398701667785645
7.118433475494385
2.2459843158721924
4.840216159820557
7.2486772537231445
6.108860969543457
5.139896392822266
7.118102073669434
2.2458689212799072
4.839755058288574
7.2486772537231445
6.108860969543457
5.139922142028809
7.117776393890381
2.245755434036255
4.839301586151123
7.2486772537231445
6.108860969543457
5.139947414398193
7.117455959320068
2.2456438541412354
4.838855266571045
7.2486772537231445
6.108860969543457
5.13997220993042
7.117140769958496
2.2455341815948486
4.838416576385498
7.2486772537231445
6.108860969543457
5.139996528625488
7.116830825805664
2.2454264163970947
4.837985038757324
7.2486772537231445
6.108860969543457
5.140020847320557
7.116526126861572
2.2453203201293945
4.837560653686523
7.2486772537231445
6.108860969543457
5.140044689178467
7.116226673126221
2.245216131210327
4.837143421173096
7.2486772537231445
6.108860969543457
5.140068054199219
7.115931987762451
2.2451136112213135
4.836733341217041
7.2486772537231445
6.108860969543457
5.1400909423828125
7.115642070770264
2.2450127601623535
4.836329936981201
7.2486772537231445
6.108860969543457
5.140113353729248
7.115357398986816
2.2449135780334473
4.835933208465576
7.2486772537231445
6.108860969543457
5.140135765075684
7.115077495574951
2.2448160648345947
4.835543155670166
7.2486772537231445
6.108860969543457
5.140157699584961
7.11480188369751
2.244720220565796
4.835159778594971
7.2486772537231445
6.108860969543457
5.14017915725708
7.11453104019165
2.244626045227051
4.834782600402832
7.2486772537231445
6.108860969543457
5.140200138092041
7.114264488220215
2.2445333003997803
4.83441162109375
7.2486772537231445
6.108860969543457
5.140220642089844
7.114002704620361
2.2444422245025635
4.834046840667725
7.2486772537231445
6.108860969543457
5.1402411460876465
7.113745212554932
2.2443525791168213
4.833688259124756
7.2486772537231445
6.108860969543457
5.140261173248291
7.113492012023926
2.2442643642425537
4.833335876464844
7.2486772537231445
6.108860969543457
5.140280723571777
7.113243103027344
2.2441775798797607
4.83298921585083
7.2486772537231445
6.108860969543457
5.140300273895264
7.112998008728027
2.2440924644470215
4.832648277282715
7.2486772537231445
6.108860969543457
5.140319347381592
7.112757205963135
2.2440085411071777
4.832313060760498
7.2486772537231445
6.108860969543457
5.140337944030762
7.112520217895508
2.2439260482788086
4.83198356628418
7.2486772537231445
6.108860969543457
5.140356540679932
7.112287521362305
2.243844985961914
4.831659317016602
7.2486772537231445
6.108860969543457
5.140374660491943
7.112058639526367
2.243765354156494
4.831340789794922
7.2486772537231445
6.108860969543457
5.140392303466797
7.111833572387695
2.2436869144439697
4.831027507781982
7.2486772537231445
6.108860969543457
5.14040994644165
7.111612319946289
2.24360990524292
4.830719470977783
7.2486772537231445
6.108860969543457
5.140427112579346
7.11139440536499
2.2435340881347656
4.830416202545166
7.2486772537231445
6.108860969543457
5.140444278717041
7.111180305480957
2.243459701538086
4.830118179321289
7.2486772537231445
6.108860969543457
5.140460968017578
7.1109700202941895
2.2433865070343018
4.829824924468994
7.2486772537231445
6.108860969543457
5.140477180480957
7.110763072967529
2.243314504623413
4.8295369148254395
7.2486772537231445
6.108860969543457
5.140493392944336
7.110559463500977
2.24324369430542
4.829253673553467
7.2486772537231445
6.108860969543457
5.140509128570557
7.110359191894531
2.2431740760803223
4.828975200653076
7.2486772537231445
6.108860969543457
5.140524864196777
7.110162258148193
2.24310564994812
4.828701019287109
7.2486772537231445
6.108860969543457
5.14054012298584
7.109968662261963
2.2430381774902344
4.828431606292725
7.2486772537231445
6.108860969543457
5.140555381774902
7.10977840423584
2.242971897125244
4.828166484832764
7.2486772537231445
6.108860969543457
5.140570163726807
7.109591484069824
2.2429068088531494
4.827906131744385
7.2486772537231445
6.108860969543457
5.140584945678711
7.109407424926758
2.242842674255371
4.82765007019043
7.2486772537231445
6.108860969543457
5.140599250793457
7.109226226806641
2.2427797317504883
4.827398300170898
7.2486772537231445
6.108860969543457
5.140613555908203
7.109048366546631
2.242717742919922
4.827150821685791
7.2486772537231445
6.108860969543457
5.140627384185791
7.10887336730957
2.242656946182251
4.826907157897949
7.2486772537231445
6.108860969543457
5.140641212463379
7.108701229095459
2.2425971031188965
4.826667785644531
7.2486772537231445
6.108860969543457
5.140654563903809
7.108531951904297
2.2425382137298584
4.826432228088379
7.2486772537231445
6.108860969543457
5.140667915344238
7.108365535736084
2.2424802780151367
4.826200485229492
7.2486772537231445
6.108860969543457
5.14068078994751
7.10820198059082
2.2424232959747314
4.825972557067871
7.2486772537231445
6.108860969543457
5.140693664550781
7.108041286468506
2.2423672676086426
4.825748443603516
7.2486772537231445
6.108860969543457
5.1407060623168945
7.107882976531982
2.24231219291687
4.825528144836426
7.2486772537231445
6.108860969543457
5.140718460083008
7.107727527618408
2.242258071899414
4.825311660766602
7.2486772537231445
6.108860969543457
5.140730381011963
7.107574462890625
2.2422049045562744
4.825098514556885
7.2486772537231445
6.108860969543457
5.140742301940918
7.107424259185791
2.242152452468872
4.824889183044434
7.2486772537231445
6.108860969543457
5.140754222869873
7.107276439666748
2.242100954055786
4.82468318939209
7.2486772537231445
6.108860969543457
5.14076566696167
7.107131004333496
2.2420504093170166
4.8244805335998535
7.2486772537231445
6.108860969543457
5.140777111053467
7.106987953186035
2.2420005798339844
4.824281215667725
7.2486772537231445
6.108860969543457
5.1407880783081055
7.106847286224365
2.2419517040252686
4.824085235595703
7.2486772537231445
6.108860969543457
5.140799045562744
7.106709003448486
2.24190354347229
4.823892593383789
7.2486772537231445
6.108860969543457
5.140810012817383
7.106573104858398
2.241856336593628
4.823703289031982
7.2486772537231445
6.108860969543457
5.140820503234863
7.106439590454102
2.241809844970703
4.823517322540283
7.2486772537231445
6.108860969543457
5.140830993652344
7.1063079833984375
2.2417640686035156
4.823334217071533
7.2486772537231445
6.108860969543457
5.140841007232666
7.1061787605285645
2.2417190074920654
4.823154449462891
7.2486772537231445
6.108860969543457
5.140851020812988
7.106051445007324
2.2416746616363525
4.822977542877197
7.2486772537231445
6.108860969543457
5.1408610343933105
7.105926513671875
2.241631269454956
4.822803497314453
7.2486772537231445
6.108860969543457
5.140870571136475
7.105803489685059
2.241588592529297
4.822632312774658
7.2486772537231445
6.108860969543457
5.140880107879639
7.105682373046875
2.241546630859375
4.8224639892578125
7.2486772537231445
6.108860969543457
5.140889644622803
7.105563640594482
2.2415051460266113
4.822298526763916
7.2486772537231445
6.108860969543457
5.140898704528809
7.105446815490723
2.241464376449585
4.822135925292969
7.2486772537231445
6.108860969543457
5.1409077644348145
7.105331897735596
2.241424322128296
4.8219757080078125
7.2486772537231445
6.108860969543457
5.14091682434082
7.105218887329102
2.241384983062744
4.8218183517456055
7.2486772537231445
6.108860969543457
5.140925407409668
7.10510778427124
2.2413463592529297
4.821663856506348
7.2486772537231445
6.108860969543457
5.140933990478516
7.104998588562012
2.2413082122802734
4.821511745452881
7.2486772537231445
6.108860969543457
5.140942573547363
7.104891300201416
2.2412707805633545
4.821362018585205
7.2486772537231445
6.108860969543457
5.140951156616211
7.104785442352295
2.241234064102173
4.82121467590332
7.2486772537231445
6.108860969543457
5.1409592628479
7.104681491851807
2.2411978244781494
4.821070194244385
7.2486772537231445
6.108860969543457
5.14096736907959
7.104579448699951
2.2411623001098633
4.82092809677124
7.2486772537231445
6.108860969543457
5.140975475311279
7.10447883605957
2.2411272525787354
4.820788383483887
7.2486772537231445
6.108860969543457
5.140975475311279
7.10447883605957
2.2410929203033447
4.820651054382324
7.2486772537231445
6.108860969543457
5.140975475311279
7.10447883605957
2.2410590648651123
4.8205156326293945
7.2486772537231445
6.108860969543457
5.140975475311279
7.10447883605957
2.241025924682617
4.820382595062256
7.2486772537231445
6.108860969543457
5.140975475311279
7.10447883605957
2.2409932613372803
4.820251941680908
7.2486772537231445
6.108860969543457
5.140975475311279
7.10447883605957
2.2409610748291016
4.820123195648193
7.2486772537231445
6.108860969543457
5.140975475311279
7.10447883605957
2.240929365158081
4.8199968338012695
7.2486772537231445
6.108860969543457
5.140975475311279
7.10447883605957
2.240898370742798
4.8198723793029785
7.2486772537231445
6.108860969543457
5.140975475311279
7.10447883605957
2.240867853164673
4.8197503089904785
7.2486772537231445
6.108860969543457
5.140975475311279
7.10447883605957
2.240837812423706
4.819630146026611
7.2486772537231445
6.108860969543457
5.140975475311279
7.10447883605957
2.2408082485198975
4.819511890411377
7.2486772537231445
6.108860969543457
5.140975475311279
7.10447883605957
2.240779161453247
4.819395542144775
7.2486772537231445
6.108860969543457
5.140975475311279
7.10447883605957
2.240750551223755
4.819281101226807
7.2486772537231445
6.108860969543457
5.140975475311279
7.10447883605957
2.240722417831421
4.819168567657471
7.2486772537231445
6.108860969543457
5.140975475311279
7.10447883605957
2.240694761276245
4.819057941436768
7.2486772537231445
6.108860969543457
5.140975475311279
7.10447883605957
2.2406675815582275
4.818949222564697
7.2486772537231445
6.108860969543457
5.140975475311279
7.10447883605957
2.240640878677368
4.81884241104126
7.2486772537231445
6.108860969543457
5.140975475311279
7.10447883605957
2.240614652633667
4.818737506866455
7.2486772537231445
6.108860969543457
5.140975475311279
7.10447883605957
2.240588903427124
4.818634033203125
7.2486772537231445
6.108860969543457
5.140975475311279
7.10447883605957
2.24056339263916
4.818532466888428
7.2486772537231445
6.108860969543457
5.140975475311279
7.10447883605957
2.2405383586883545
4.818432331085205
7.2486772537231445
6.108860969543457
5.140975475311279
7.10447883605957
2.240513801574707
4.818334102630615
7.2486772537231445
6.108860969543457
5.140975475311279
7.10447883605957
