2.768207311630249
5.838967323303223
6.969712734222412
16.276039123535156
1.3972547054290771
14.903403282165527
2.392848491668701
5.0834174156188965
6.969712734222412
16.276039123535156
1.3972547054290771
14.903403282165527
1.6777663230895996
4.301341533660889
6.969712734222412
16.276039123535156
1.3972547054290771
14.903403282165527
1.0150426626205444
3.539762020111084
6.969712734222412
16.276039123535156
1.3972547054290771
14.903403282165527
1.360764980316162
3.0364809036254883
6.969712734222412
16.276039123535156
1.3972547054290771
14.903403282165527
1.7007253170013428
2.5415878295898438
6.969712734222412
16.276039123535156
1.3972547054290771
14.903403282165527
2.035019636154175
2.054943084716797
6.969712734222412
16.276039123535156
1.3972547054290771
14.903403282165527
2.3637423515319824
1.576409101486206
6.969712734222412
16.276039123535156
1.3972547054290771
14.903403282165527
2.6869864463806152
1.1058505773544312
6.969712734222412
16.276039123535156
1.3972547054290771
14.903403282165527
2.9239957332611084
1.1807763576507568
6.969712734222412
16.276039123535156
1.3972547054290771
14.903403282165527
3.132009506225586
1.4082783460617065
6.969712734222412
16.276039123535156
1.3972547054290771
14.903403282165527
3.3365564346313477
1.6319886445999146
6.969712734222412
16.276039123535156
1.3972547054290771
14.903403282165527
3.537694215774536
1.8519704341888428
6.969712734222412
16.276039123535156
1.3972547054290771
14.903403282165527
3.7354795932769775
2.0682859420776367
6.969712734222412
16.276039123535156
1.3972547054290771
14.903403282165527
3.9299685955047607
2.280996084213257
6.969712734222412
16.276039123535156
1.3972547054290771
14.903403282165527
4.121216297149658
2.4901609420776367
6.969712734222412
16.276039123535156
1.3972547054290771
14.903403282165527
4.309276580810547
2.6958398818969727
6.969712734222412
16.276039123535156
1.3972547054290771
14.903403282165527
4.494202613830566
2.8980908393859863
6.969712734222412
16.276039123535156
1.3972547054290771
14.903403282165527
4.676046371459961
3.096970796585083
6.969712734222412
16.276039123535156
1.3972547054290771
14.903403282165527
4.854859352111816
3.2925362586975098
6.969712734222412
16.276039123535156
1.3972547054290771
14.903403282165527
5.030692100524902
3.484842300415039
6.969712734222412
16.276039123535156
1.3972547054290771
14.903403282165527
5.203594207763672
3.673943281173706
6.969712734222412
16.276039123535156
1.3972547054290771
14.903403282165527
5.37361478805542
3.8598923683166504
6.969712734222412
16.276039123535156
1.3972547054290771
14.903403282165527
5.540801525115967
4.0427422523498535
6.969712734222412
16.276039123535156
1.3972547054290771
14.903403282165527
5.705202102661133
4.2225446701049805
6.969712734222412
16.276039123535156
1.3972547054290771
14.903403282165527
5.8668622970581055
4.399350643157959
6.969712734222412
16.276039123535156
1.3972547054290771
14.903403282165527
6.0258283615112305
4.573209762573242
6.969712734222412
16.276039123535156
1.3972547054290771
14.903403282165527
6.182145118713379
4.744171142578125
6.969712734222412
16.276039123535156
1.3972547054290771
14.903403282165527
6.3358564376831055
4.912283420562744
6.969712734222412
16.276039123535156
1.3972547054290771
14.903403282165527
6.487005710601807
5.077593803405762
6.969712734222412
16.276039123535156
1.3972547054290771
14.903403282165527
6.643703460693359
5.22468376159668
6.969712734222412
16.276039123535156
1.3972547054290771
14.903403282165527
6.803955078125
5.3285064697265625
6.969712734222412
16.276039123535156
1.3972547054290771
14.903403282165527
6.961535930633545
5.430598735809326
6.969712734222412
16.276039123535156
1.3972547054290771
14.903403282165527
7.116490364074707
5.530989646911621
6.969712734222412
16.276039123535156
1.3972547054290771
14.903403282165527
7.268862247467041
5.629707336425781
6.969712734222412
16.276039123535156
1.3972547054290771
14.903403282165527
7.418694496154785
5.726779460906982
6.969712734222412
16.276039123535156
1.3972547054290771
14.903403282165527
7.5660295486450195
5.8222336769104
6.969712734222412
16.276039123535156
1.3972547054290771
14.903403282165527
7.710909366607666
5.916097164154053
6.969712734222412
16.276039123535156
1.3972547054290771
14.903403282165527
7.853374481201172
6.008396148681641
6.969712734222412
16.276039123535156
1.3972547054290771
14.903403282165527
7.993464946746826
6.099156856536865
6.969712734222412
16.276039123535156
1.3972547054290771
14.903403282165527
8.131220817565918
6.1884050369262695
6.969712734222412
16.276039123535156
1.3972547054290771
14.903403282165527
8.266680717468262
6.27616548538208
6.969712734222412
16.276039123535156
1.3972547054290771
14.903403282165527
8.399883270263672
6.362463474273682
6.969712734222412
16.276039123535156
1.3972547054290771
14.903403282165527
8.530865669250488
6.447323322296143
6.969712734222412
16.276039123535156
1.3972547054290771
14.903403282165527
8.65966510772705
6.530768871307373
6.969712734222412
16.276039123535156
1.3972547054290771
14.903403282165527
8.786317825317383
6.612823486328125
6.969712734222412
16.276039123535156
1.3972547054290771
14.903403282165527
8.910859107971191
6.69351053237915
6.969712734222412
16.276039123535156
1.3972547054290771
14.903403282165527
8.98099422454834
6.766715049743652
6.969712734222412
16.276039123535156
1.3972547054290771
14.903403282165527
8.920782089233398
6.818638801574707
6.969712734222412
16.276039123535156
1.3972547054290771
14.903403282165527
8.861573219299316
6.869697093963623
6.969712734222412
16.276039123535156
1.3972547054290771
14.903403282165527
8.803351402282715
6.9199042320251465
6.969712734222412
16.276039123535156
1.3972547054290771
14.903403282165527
8.746099472045898
6.969274520874023
6.969712734222412
16.276039123535156
1.3972547054290771
14.903403282165527
8.689802169799805
7.017822265625
6.969712734222412
16.276039123535156
1.3972547054290771
14.903403282165527
8.634443283081055
7.065560817718506
6.969712734222412
16.276039123535156
1.3972547054290771
14.903403282165527
8.58000659942627
7.112503528594971
6.969712734222412
16.276039123535156
1.3972547054290771
14.903403282165527
8.526477813720703
7.158664226531982
6.969712734222412
16.276039123535156
1.3972547054290771
14.903403282165527
8.473840713500977
7.204055309295654
6.969712734222412
16.276039123535156
1.3972547054290771
14.903403282165527
8.422080993652344
7.248690128326416
6.969712734222412
16.276039123535156
1.3972547054290771
14.903403282165527
8.371183395385742
7.292581081390381
6.969712734222412
16.276039123535156
1.3972547054290771
14.903403282165527
8.321134567260742
7.335740566253662
6.969712734222412
16.276039123535156
1.3972547054290771
14.903403282165527
8.271920204162598
7.378180503845215
6.969712734222412
16.276039123535156
1.3972547054290771
14.903403282165527
8.223526000976562
7.419913291931152
6.969712734222412
16.276039123535156
1.3972547054290771
14.903403282165527
8.17593765258789
7.4609503746032715
6.969712734222412
16.276039123535156
1.3972547054290771
14.903403282165527
8.129142761230469
7.501303672790527
6.969712734222412
16.276039123535156
1.3972547054290771
14.903403282165527
8.083127975463867
7.540984153747559
6.969712734222412
16.276039123535156
1.3972547054290771
14.903403282165527
8.037879943847656
7.580003261566162
6.969712734222412
16.276039123535156
1.3972547054290771
14.903403282165527
7.993386268615723
7.618371963500977
6.969712734222412
16.276039123535156
1.3972547054290771
14.903403282165527
7.949634075164795
7.656101226806641
6.969712734222412
16.276039123535156
1.3972547054290771
14.903403282165527
7.90661096572876
7.693202018737793
6.969712734222412
16.276039123535156
1.3972547054290771
14.903403282165527
7.864305019378662
7.729684352874756
6.969712734222412
16.276039123535156
1.3972547054290771
14.903403282165527
7.822704315185547
7.76555871963501
6.969712734222412
16.276039123535156
1.3972547054290771
14.903403282165527
7.781796932220459
7.800835132598877
6.969712734222412
16.276039123535156
1.3972547054290771
14.903403282165527
7.741570949554443
7.83552360534668
6.969712734222412
16.276039123535156
1.3972547054290771
14.903403282165527
7.702015399932861
7.869633674621582
6.969712734222412
16.276039123535156
1.3972547054290771
14.903403282165527
7.663119316101074
7.903175354003906
6.969712734222412
16.276039123535156
1.3972547054290771
14.903403282165527
7.624871730804443
7.936158180236816
6.969712734222412
16.276039123535156
1.3972547054290771
14.903403282165527
7.587261199951172
7.968591213226318
6.969712734222412
16.276039123535156
1.3972547054290771
14.903403282165527
7.5502777099609375
8.000483512878418
6.969712734222412
16.276039123535156
1.3972547054290771
14.903403282165527
7.51391077041626
8.031844139099121
6.969712734222412
16.276039123535156
1.3972547054290771
14.903403282165527
7.478149890899658
8.062682151794434
6.969712734222412
16.276039123535156
1.3972547054290771
14.903403282165527
7.4429850578308105
8.093006134033203
6.969712734222412
16.276039123535156
1.3972547054290771
14.903403282165527
7.4084062576293945
8.122824668884277
6.969712734222412
16.276039123535156
1.3972547054290771
14.903403282165527
7.374403476715088
8.152146339416504
6.969712734222412
16.276039123535156
1.3972547054290771
14.903403282165527
7.340967655181885
8.18097972869873
6.969712734222412
16.276039123535156
1.3972547054290771
14.903403282165527
7.308089256286621
8.209332466125488
6.969712734222412
16.276039123535156
1.3972547054290771
14.903403282165527
7.275758743286133
8.237212181091309
6.969712734222412
16.276039123535156
1.3972547054290771
14.903403282165527
7.243967056274414
8.264627456665039
6.969712734222412
16.276039123535156
1.3972547054290771
14.903403282165527
7.212705135345459
8.291585922241211
6.969712734222412
16.276039123535156
1.3972547054290771
14.903403282165527
7.18196439743042
8.318095207214355
6.969712734222412
16.276039123535156
1.3972547054290771
14.903403282165527
7.151735782623291
8.344162940979004
6.969712734222412
16.276039123535156
1.3972547054290771
14.903403282165527
7.122011184692383
8.369795799255371
6.969712734222412
16.276039123535156
1.3972547054290771
14.903403282165527
7.092782020568848
8.395001411437988
6.969712734222412
16.276039123535156
1.3972547054290771
14.903403282165527
7.064039707183838
8.419787406921387
6.969712734222412
16.276039123535156
1.3972547054290771
14.903403282165527
7.035776615142822
8.444159507751465
6.969712734222412
16.276039123535156
1.3972547054290771
14.903403282165527
7.007984638214111
8.468125343322754
6.969712734222412
16.276039123535156
1.3972547054290771
14.903403282165527
7.02164888381958
8.48382568359375
6.969712734222412
16.276039123535156
1.3972547054290771
14.903403282165527
7.035085678100586
8.49926471710205
6.969712734222412
16.276039123535156
1.3972547054290771
14.903403282165527
7.048298358917236
8.514446258544922
6.969712734222412
16.276039123535156
1.3972547054290771
14.903403282165527
7.061290740966797
8.529375076293945
6.969712734222412
16.276039123535156
1.3972547054290771
14.903403282165527
7.074066638946533
8.544054985046387
6.969712734222412
16.276039123535156
1.3972547054290771
14.903403282165527
7.086629867553711
8.558489799499512
6.969712734222412
16.276039123535156
1.3972547054290771
14.903403282165527
7.0989837646484375
8.572684288024902
6.969712734222412
16.276039123535156
1.3972547054290771
14.903403282165527
7.11113166809082
8.586642265319824
6.969712734222412
16.276039123535156
1.3972547054290771
14.903403282165527
7.123076915740967
8.600367546081543
6.969712734222412
16.276039123535156
1.3972547054290771
14.903403282165527
7.134823322296143
8.613863945007324
6.969712734222412
16.276039123535156
1.3972547054290771
14.903403282165527
7.146373748779297
8.627135276794434
6.969712734222412
16.276039123535156
1.3972547054290771
14.903403282165527
7.157731533050537
8.640185356140137
6.969712734222412
16.276039123535156
1.3972547054290771
14.903403282165527
7.168900012969971
8.6530179977417
6.969712734222412
16.276039123535156
1.3972547054290771
14.903403282165527
7.179882526397705
8.665637016296387
6.969712734222412
16.276039123535156
1.3972547054290771
14.903403282165527
7.1906819343566895
8.678046226501465
6.969712734222412
16.276039123535156
1.3972547054290771
14.903403282165527
7.201301574707031
8.690248489379883
6.969712734222412
16.276039123535156
1.3972547054290771
14.903403282165527
7.2117438316345215
8.70224666595459
6.969712734222412
16.276039123535156
1.3972547054290771
14.903403282165527
7.222012519836426
8.714045524597168
6.969712734222412
16.276039123535156
1.3972547054290771
14.903403282165527
7.232110023498535
8.725647926330566
6.969712734222412
16.276039123535156
1.3972547054290771
14.903403282165527
7.242039203643799
8.737056732177734
6.969712734222412
16.276039123535156
1.3972547054290771
14.903403282165527
7.251802921295166
8.748274803161621
6.969712734222412
16.276039123535156
1.3972547054290771
14.903403282165527
7.261403560638428
8.759305953979492
6.969712734222412
16.276039123535156
1.3972547054290771
14.903403282165527
7.270844459533691
8.770153999328613
6.969712734222412
16.276039123535156
1.3972547054290771
14.903403282165527
7.280128002166748
8.780820846557617
6.969712734222412
16.276039123535156
1.3972547054290771
14.903403282165527
7.289256572723389
8.79131031036377
6.969712734222412
16.276039123535156
1.3972547054290771
14.903403282165527
7.2982330322265625
8.801624298095703
6.969712734222412
16.276039123535156
1.3972547054290771
14.903403282165527
7.307060241699219
8.811766624450684
6.969712734222412
16.276039123535156
1.3972547054290771
14.903403282165527
7.31574010848999
8.82174015045166
6.969712734222412
16.276039123535156
1.3972547054290771
14.903403282165527
7.324275493621826
8.831546783447266
6.969712734222412
16.276039123535156
1.3972547054290771
14.903403282165527
7.332668304443359
8.841190338134766
6.969712734222412
16.276039123535156
1.3972547054290771
14.903403282165527
7.340921401977539
8.85067367553711
6.969712734222412
16.276039123535156
1.3972547054290771
14.903403282165527
7.349036693572998
8.85999870300293
6.969712734222412
16.276039123535156
1.3972547054290771
14.903403282165527
7.3570170402526855
8.869168281555176
6.969712734222412
16.276039123535156
1.3972547054290771
14.903403282165527
7.364864349365234
8.878185272216797
6.969712734222412
16.276039123535156
1.3972547054290771
14.903403282165527
7.3725810050964355
8.887051582336426
6.969712734222412
16.276039123535156
1.3972547054290771
14.903403282165527
7.380168914794922
8.895770072937012
6.969712734222412
16.276039123535156
1.3972547054290771
14.903403282165527
7.387630462646484
8.904343605041504
6.969712734222412
16.276039123535156
1.3972547054290771
14.903403282165527
7.394967555999756
8.912774085998535
6.969712734222412
16.276039123535156
1.3972547054290771
14.903403282165527
7.402182102203369
8.921064376831055
6.969712734222412
16.276039123535156
1.3972547054290771
14.903403282165527
7.409276485443115
8.929216384887695
6.969712734222412
16.276039123535156
1.3972547054290771
14.903403282165527
7.416252613067627
8.93723201751709
6.969712734222412
16.276039123535156
1.3972547054290771
14.903403282165527
7.423112392425537
8.945114135742188
6.969712734222412
16.276039123535156
1.3972547054290771
14.903403282165527
7.429858207702637
8.952864646911621
6.969712734222412
16.276039123535156
1.3972547054290771
14.903403282165527
7.4364914894104
8.96048641204834
6.969712734222412
16.276039123535156
1.3972547054290771
14.903403282165527
7.443014144897461
8.967981338500977
6.969712734222412
16.276039123535156
1.3972547054290771
14.903403282165527
7.449428081512451
8.975351333618164
6.969712734222412
16.276039123535156
1.3972547054290771
14.903403282165527
7.455735206604004
8.982598304748535
6.969712734222412
16.276039123535156
1.3972547054290771
14.903403282165527
7.461936950683594
8.989724159240723
6.969712734222412
16.276039123535156
1.3972547054290771
14.903403282165527
7.468035697937012
8.996731758117676
6.969712734222412
16.276039123535156
1.3972547054290771
14.903403282165527
7.474032402038574
9.003622055053711
6.969712734222412
16.276039123535156
1.3972547054290771
14.903403282165527
7.479929447174072
9.010397911071777
6.969712734222412
16.276039123535156
1.3972547054290771
14.903403282165527
7.4857282638549805
9.017060279846191
6.969712734222412
16.276039123535156
1.3972547054290771
14.903403282165527
7.491430282592773
9.023612022399902
6.969712734222412
16.276039123535156
1.3972547054290771
14.903403282165527
7.497037410736084
9.030055046081543
6.969712734222412
16.276039123535156
1.3972547054290771
14.903403282165527
7.502551078796387
9.03639030456543
6.969712734222412
16.276039123535156
1.3972547054290771
14.903403282165527
7.507972717285156
9.042619705200195
6.969712734222412
16.276039123535156
1.3972547054290771
14.903403282165527
7.513304233551025
9.048745155334473
6.969712734222412
16.276039123535156
1.3972547054290771
14.903403282165527
7.5185465812683105
9.054768562316895
6.969712734222412
16.276039123535156
1.3972547054290771
14.903403282165527
7.5237016677856445
9.060691833496094
6.969712734222412
16.276039123535156
1.3972547054290771
14.903403282165527
7.528770923614502
9.066516876220703
6.969712734222412
16.276039123535156
1.3972547054290771
14.903403282165527
7.533755779266357
9.072244644165039
6.969712734222412
16.276039123535156
1.3972547054290771
14.903403282165527
7.538657188415527
9.077877044677734
6.969712734222412
16.276039123535156
1.3972547054290771
14.903403282165527
7.5434770584106445
9.083415031433105
6.969712734222412
16.276039123535156
1.3972547054290771
14.903403282165527
7.548216819763184
9.088860511779785
6.969712734222412
16.276039123535156
1.3972547054290771
14.903403282165527
7.552877426147461
9.094215393066406
6.969712734222412
16.276039123535156
1.3972547054290771
14.903403282165527
7.557460308074951
9.099481582641602
6.969712734222412
16.276039123535156
1.3972547054290771
14.903403282165527
7.561966896057129
9.104660034179688
6.969712734222412
16.276039123535156
1.3972547054290771
14.903403282165527
7.5663981437683105
9.10975170135498
6.969712734222412
16.276039123535156
1.3972547054290771
14.903403282165527
7.570755481719971
9.114758491516113
6.969712734222412
16.276039123535156
1.3972547054290771
14.903403282165527
7.575040340423584
9.119682312011719
6.969712734222412
16.276039123535156
1.3972547054290771
14.903403282165527
7.579253673553467
9.124524116516113
6.969712734222412
16.276039123535156
1.3972547054290771
14.903403282165527
7.583396911621094
9.129284858703613
6.969712734222412
16.276039123535156
1.3972547054290771
14.903403282165527
7.587471008300781
9.133966445922852
6.969712734222412
16.276039123535156
1.3972547054290771
14.903403282165527
7.591477394104004
9.138569831848145
6.969712734222412
16.276039123535156
1.3972547054290771
14.903403282165527
7.595417022705078
9.143096923828125
6.969712734222412
16.276039123535156
1.3972547054290771
14.903403282165527
7.59929084777832
9.147547721862793
6.969712734222412
16.276039123535156
1.3972547054290771
14.903403282165527
7.603100299835205
9.151925086975098
6.969712734222412
16.276039123535156
1.3972547054290771
14.903403282165527
7.606846332550049
9.156229019165039
6.969712734222412
16.276039123535156
1.3972547054290771
14.903403282165527
7.610529899597168
9.16046142578125
6.969712734222412
16.276039123535156
1.3972547054290771
14.903403282165527
7.614151954650879
9.164623260498047
6.969712734222412
16.276039123535156
1.3972547054290771
14.903403282165527
7.617713451385498
9.168715476989746
6.969712734222412
16.276039123535156
1.3972547054290771
14.903403282165527
7.6212158203125
9.17273998260498
6.969712734222412
16.276039123535156
1.3972547054290771
14.903403282165527
7.624659538269043
9.17669677734375
6.969712734222412
16.276039123535156
1.3972547054290771
14.903403282165527
7.628046035766602
9.180587768554688
6.969712734222412
16.276039123535156
1.3972547054290771
14.903403282165527
7.631376266479492
9.18441390991211
6.969712734222412
16.276039123535156
1.3972547054290771
14.903403282165527
7.634650707244873
9.188176155090332
6.969712734222412
16.276039123535156
1.3972547054290771
14.903403282165527
7.637870788574219
9.191876411437988
6.969712734222412
16.276039123535156
1.3972547054290771
14.903403282165527
7.6410369873046875
9.195514678955078
6.969712734222412
16.276039123535156
1.3972547054290771
14.903403282165527
7.644150733947754
9.199091911315918
6.969712734222412
16.276039123535156
1.3972547054290771
14.903403282165527
7.647212505340576
9.20261001586914
6.969712734222412
16.276039123535156
1.3972547054290771
14.903403282165527
7.650223255157471
9.206068992614746
6.969712734222412
16.276039123535156
1.3972547054290771
14.903403282165527
7.653183937072754
9.209470748901367
6.969712734222412
16.276039123535156
1.3972547054290771
14.903403282165527
7.656095027923584
9.212815284729004
6.969712734222412
16.276039123535156
1.3972547054290771
14.903403282165527
7.658957481384277
9.216104507446289
6.969712734222412
16.276039123535156
1.3972547054290771
14.903403282165527
7.66177225112915
9.219338417053223
6.969712734222412
16.276039123535156
1.3972547054290771
14.903403282165527
7.6645402908325195
9.222518920898438
6.969712734222412
16.276039123535156
1.3972547054290771
14.903403282165527
7.667262077331543
9.225646018981934
6.969712734222412
16.276039123535156
1.3972547054290771
14.903403282165527
7.669938564300537
9.228721618652344
6.969712734222412
16.276039123535156
1.3972547054290771
14.903403282165527
7.67257022857666
9.231745719909668
6.969712734222412
16.276039123535156
1.3972547054290771
14.903403282165527
7.6751580238342285
9.234719276428223
6.969712734222412
16.276039123535156
1.3972547054290771
14.903403282165527
7.677702903747559
9.237643241882324
6.969712734222412
16.276039123535156
1.3972547054290771
14.903403282165527
7.680205345153809
9.240518569946289
6.969712734222412
16.276039123535156
1.3972547054290771
14.903403282165527
7.682666301727295
9.243346214294434
6.969712734222412
16.276039123535156
1.3972547054290771
14.903403282165527
7.685086250305176
9.246126174926758
6.969712734222412
16.276039123535156
1.3972547054290771
14.903403282165527
7.687465667724609
9.248860359191895
6.969712734222412
16.276039123535156
1.3972547054290771
14.903403282165527
7.689805507659912
9.251548767089844
6.969712734222412
16.276039123535156
1.3972547054290771
14.903403282165527
7.692106246948242
9.254192352294922
6.969712734222412
16.276039123535156
1.3972547054290771
14.903403282165527
7.694368839263916
9.256792068481445
6.969712734222412
16.276039123535156
1.3972547054290771
14.903403282165527
7.696593761444092
9.259347915649414
6.969712734222412
16.276039123535156
1.3972547054290771
14.903403282165527
7.698781490325928
9.261861801147461
6.969712734222412
16.276039123535156
1.3972547054290771
14.903403282165527
7.700932502746582
9.264333724975586
6.969712734222412
16.276039123535156
1.3972547054290771
14.903403282165527
7.703047752380371
9.266764640808105
6.969712734222412
16.276039123535156
1.3972547054290771
14.903403282165527
7.705127716064453
9.26915454864502
6.969712734222412
16.276039123535156
1.3972547054290771
14.903403282165527
7.7071733474731445
9.271504402160645
6.969712734222412
16.276039123535156
1.3972547054290771
14.903403282165527
7.709184646606445
9.273815155029297
6.969712734222412
16.276039123535156
1.3972547054290771
14.903403282165527
7.711162567138672
9.276087760925293
6.969712734222412
16.276039123535156
1.3972547054290771
14.903403282165527
7.713107585906982
9.278322219848633
6.969712734222412
16.276039123535156
1.3972547054290771
14.903403282165527
7.715020179748535
9.280519485473633
6.969712734222412
16.276039123535156
1.3972547054290771
14.903403282165527
7.716900825500488
9.28268051147461
6.969712734222412
16.276039123535156
1.3972547054290771
14.903403282165527
7.71875
9.284805297851562
6.969712734222412
16.276039123535156
1.3972547054290771
14.903403282165527
7.7205681800842285
9.286894798278809
6.969712734222412
16.276039123535156
1.3972547054290771
14.903403282165527
7.72235631942749
9.288949012756348
6.969712734222412
16.276039123535156
1.3972547054290771
14.903403282165527
7.724114418029785
9.290968894958496
6.969712734222412
16.276039123535156
1.3972547054290771
14.903403282165527
7.72584342956543
9.29295539855957
6.969712734222412
16.276039123535156
1.3972547054290771
14.903403282165527
7.727543354034424
9.29490852355957
6.969712734222412
16.276039123535156
1.3972547054290771
14.903403282165527
7.729215145111084
9.296829223632812
6.969712734222412
16.276039123535156
1.3972547054290771
14.903403282165527
7.730859279632568
9.298718452453613
6.969712734222412
16.276039123535156
1.3972547054290771
14.903403282165527
7.732475757598877
9.300576210021973
6.969712734222412
16.276039123535156
1.3972547054290771
14.903403282165527
7.734065532684326
9.30240249633789
6.969712734222412
16.276039123535156
1.3972547054290771
14.903403282165527
7.735628604888916
9.304198265075684
6.969712734222412
16.276039123535156
1.3972547054290771
14.903403282165527
7.737165451049805
9.305964469909668
6.969712734222412
16.276039123535156
1.3972547054290771
14.903403282165527
7.738677024841309
9.307701110839844
6.969712734222412
16.276039123535156
1.3972547054290771
14.903403282165527
7.740163326263428
9.309409141540527
6.969712734222412
16.276039123535156
1.3972547054290771
14.903403282165527
7.74162483215332
9.311088562011719
6.969712734222412
16.276039123535156
1.3972547054290771
14.903403282165527
7.7430620193481445
9.312739372253418
6.969712734222412
16.276039123535156
1.3972547054290771
14.903403282165527
7.744475364685059
9.314363479614258
6.969712734222412
16.276039123535156
1.3972547054290771
14.903403282165527
7.7458648681640625
9.315959930419922
6.969712734222412
16.276039123535156
1.3972547054290771
14.903403282165527
7.747231483459473
9.317529678344727
6.969712734222412
16.276039123535156
1.3972547054290771
14.903403282165527
7.748575210571289
9.319073677062988
6.969712734222412
16.276039123535156
1.3972547054290771
14.903403282165527
7.74989652633667
9.320591926574707
6.969712734222412
16.276039123535156
1.3972547054290771
14.903403282165527
7.751195907592773
9.322084426879883
6.969712734222412
16.276039123535156
1.3972547054290771
14.903403282165527
7.7524733543396
9.323552131652832
6.969712734222412
16.276039123535156
1.3972547054290771
14.903403282165527
7.753729820251465
9.324995994567871
6.969712734222412
16.276039123535156
1.3972547054290771
14.903403282165527
7.754965305328369
9.326415061950684
6.969712734222412
16.276039123535156
1.3972547054290771
14.903403282165527
7.756180286407471
9.327811241149902
6.969712734222412
16.276039123535156
1.3972547054290771
14.903403282165527
7.7573747634887695
9.329183578491211
6.969712734222412
16.276039123535156
1.3972547054290771
14.903403282165527
7.758549213409424
9.330533027648926
6.969712734222412
16.276039123535156
1.3972547054290771
14.903403282165527
7.759704113006592
9.331860542297363
6.969712734222412
16.276039123535156
1.3972547054290771
14.903403282165527
7.760839939117432
9.333165168762207
6.969712734222412
16.276039123535156
1.3972547054290771
14.903403282165527
7.761956691741943
9.33444881439209
6.969712734222412
16.276039123535156
1.3972547054290771
14.903403282165527
7.763054847717285
9.335710525512695
6.969712734222412
16.276039123535156
1.3972547054290771
14.903403282165527
7.764134883880615
9.33695125579834
6.969712734222412
16.276039123535156
1.3972547054290771
14.903403282165527
7.765196800231934
9.338171005249023
6.969712734222412
16.276039123535156
1.3972547054290771
14.903403282165527
7.766241073608398
9.339370727539062
6.969712734222412
16.276039123535156
1.3972547054290771
14.903403282165527
7.76726770401001
9.340550422668457
6.969712734222412
16.276039123535156
1.3972547054290771
14.903403282165527
7.768277645111084
9.341711044311523
6.969712734222412
16.276039123535156
1.3972547054290771
14.903403282165527
7.769270420074463
9.342851638793945
6.969712734222412
16.276039123535156
1.3972547054290771
14.903403282165527
7.770246982574463
9.343973159790039
6.969712734222412
16.276039123535156
1.3972547054290771
14.903403282165527
7.771206855773926
9.345076560974121
6.969712734222412
16.276039123535156
1.3972547054290771
14.903403282165527
7.772150993347168
9.346160888671875
6.969712734222412
16.276039123535156
1.3972547054290771
14.903403282165527
7.7730793952941895
9.347228050231934
6.969712734222412
16.276039123535156
1.3972547054290771
14.903403282165527
7.77399206161499
9.34827709197998
6.969712734222412
16.276039123535156
1.3972547054290771
14.903403282165527
7.774889945983887
9.349308967590332
6.969712734222412
16.276039123535156
1.3972547054290771
14.903403282165527
7.775772571563721
9.350323677062988
6.969712734222412
16.276039123535156
1.3972547054290771
14.903403282165527
7.77664041519165
9.35132122039795
6.969712734222412
16.276039123535156
1.3972547054290771
14.903403282165527
7.777493953704834
9.352301597595215
6.969712734222412
16.276039123535156
1.3972547054290771
14.903403282165527
7.7783331871032715
9.353265762329102
6.969712734222412
16.276039123535156
1.3972547054290771
14.903403282165527
7.779158592224121
9.35421371459961
6.969712734222412
16.276039123535156
1.3972547054290771
14.903403282165527
7.779970169067383
9.355146408081055
6.969712734222412
16.276039123535156
1.3972547054290771
14.903403282165527
7.780768394470215
9.356062889099121
6.969712734222412
16.276039123535156
1.3972547054290771
14.903403282165527
7.781553268432617
9.356964111328125
6.969712734222412
16.276039123535156
1.3972547054290771
14.903403282165527
7.78232479095459
9.357851028442383
6.969712734222412
16.276039123535156
1.3972547054290771
14.903403282165527
7.783083438873291
9.358722686767578
6.969712734222412
16.276039123535156
1.3972547054290771
14.903403282165527
7.783829689025879
9.359580039978027
6.969712734222412
16.276039123535156
1.3972547054290771
14.903403282165527
7.7845635414123535
9.36042308807373
6.969712734222412
16.276039123535156
1.3972547054290771
14.903403282165527
7.785284996032715
9.361251831054688
6.969712734222412
16.276039123535156
1.3972547054290771
14.903403282165527
7.785994529724121
9.362067222595215
6.969712734222412
16.276039123535156
1.3972547054290771
14.903403282165527
7.786692142486572
9.362869262695312
6.969712734222412
16.276039123535156
1.3972547054290771
14.903403282165527
7.787378311157227
9.36365795135498
6.969712734222412
16.276039123535156
1.3972547054290771
14.903403282165527
7.788053035736084
9.364433288574219
6.969712734222412
16.276039123535156
1.3972547054290771
14.903403282165527
7.7887163162231445
9.365195274353027
6.969712734222412
16.276039123535156
1.3972547054290771
14.903403282165527
7.789368629455566
9.365944862365723
6.969712734222412
16.276039123535156
1.3972547054290771
14.903403282165527
7.79000997543335
9.366682052612305
6.969712734222412
16.276039123535156
1.3972547054290771
14.903403282165527
7.790640830993652
9.367406845092773
6.969712734222412
16.276039123535156
1.3972547054290771
14.903403282165527
7.791261196136475
9.368119239807129
6.969712734222412
16.276039123535156
1.3972547054290771
14.903403282165527
7.791871070861816
9.368820190429688
6.969712734222412
16.276039123535156
1.3972547054290771
14.903403282165527
7.792470932006836
9.36950969696045
6.969712734222412
16.276039123535156
1.3972547054290771
14.903403282165527
7.793060779571533
9.370186805725098
6.969712734222412
16.276039123535156
1.3972547054290771
14.903403282165527
7.793640613555908
9.370853424072266
6.969712734222412
16.276039123535156
1.3972547054290771
14.903403282165527
7.794210910797119
9.371508598327637
6.969712734222412
16.276039123535156
1.3972547054290771
14.903403282165527
7.794771671295166
9.372153282165527
6.969712734222412
16.276039123535156
1.3972547054290771
14.903403282165527
7.795322895050049
9.372786521911621
6.969712734222412
16.276039123535156
1.3972547054290771
14.903403282165527
7.795865058898926
9.373409271240234
6.969712734222412
16.276039123535156
1.3972547054290771
14.903403282165527
7.796398162841797
9.374021530151367
6.969712734222412
16.276039123535156
1.3972547054290771
14.903403282165527
7.796922206878662
9.374624252319336
6.969712734222412
16.276039123535156
1.3972547054290771
14.903403282165527
7.79743766784668
9.375216484069824
6.969712734222412
16.276039123535156
1.3972547054290771
14.903403282165527
7.79794454574585
9.375799179077148
6.969712734222412
16.276039123535156
1.3972547054290771
14.903403282165527
7.798442840576172
9.376372337341309
6.969712734222412
16.276039123535156
1.3972547054290771
14.903403282165527
7.798933029174805
9.376935958862305
6.969712734222412
16.276039123535156
1.3972547054290771
14.903403282165527
7.799415111541748
9.377490043640137
6.969712734222412
16.276039123535156
1.3972547054290771
14.903403282165527
7.799889087677002
9.378034591674805
6.969712734222412
16.276039123535156
1.3972547054290771
14.903403282165527
7.800354957580566
9.378570556640625
6.969712734222412
16.276039123535156
1.3972547054290771
14.903403282165527
7.8008131980896
9.379096984863281
6.969712734222412
16.276039123535156
1.3972547054290771
14.903403282165527
7.801263809204102
9.37961483001709
6.969712734222412
16.276039123535156
1.3972547054290771
14.903403282165527
7.801706790924072
9.38012409210205
6.969712734222412
16.276039123535156
1.3972547054290771
14.903403282165527
7.80214262008667
9.380624771118164
6.969712734222412
16.276039123535156
1.3972547054290771
14.903403282165527
7.8025712966918945
9.38111686706543
6.969712734222412
16.276039123535156
1.3972547054290771
14.903403282165527
7.802992820739746
9.381601333618164
6.969712734222412
16.276039123535156
1.3972547054290771
14.903403282165527
7.803407192230225
9.38207721710205
6.969712734222412
16.276039123535156
1.3972547054290771
14.903403282165527
7.80381441116333
9.382545471191406
6.969712734222412
16.276039123535156
1.3972547054290771
14.903403282165527
7.804214954376221
9.38300609588623
6.969712734222412
16.276039123535156
1.3972547054290771
14.903403282165527
7.8046088218688965
9.383459091186523
6.969712734222412
16.276039123535156
1.3972547054290771
14.903403282165527
7.804996013641357
9.383904457092285
6.969712734222412
16.276039123535156
1.3972547054290771
14.903403282165527
7.805377006530762
9.384342193603516
6.969712734222412
16.276039123535156
1.3972547054290771
14.903403282165527
7.805751800537109
9.384772300720215
6.969712734222412
16.276039123535156
1.3972547054290771
14.903403282165527
7.806119918823242
9.3851957321167
6.969712734222412
16.276039123535156
1.3972547054290771
14.903403282165527
7.806482315063477
9.385611534118652
6.969712734222412
16.276039123535156
1.3972547054290771
14.903403282165527
7.806838512420654
9.38602066040039
6.969712734222412
16.276039123535156
1.3972547054290771
14.903403282165527
7.807188510894775
9.386423110961914
6.969712734222412
16.276039123535156
1.3972547054290771
14.903403282165527
7.807532787322998
9.386818885803223
6.969712734222412
16.276039123535156
1.3972547054290771
14.903403282165527
7.807871341705322
9.387207984924316
6.969712734222412
16.276039123535156
1.3972547054290771
14.903403282165527
7.808204174041748
9.387590408325195
6.969712734222412
16.276039123535156
1.3972547054290771
14.903403282165527
7.808531761169434
9.387967109680176
6.969712734222412
16.276039123535156
1.3972547054290771
14.903403282165527
7.808853626251221
9.388337135314941
6.969712734222412
16.276039123535156
1.3972547054290771
14.903403282165527
7.809170246124268
9.388700485229492
6.969712734222412
16.276039123535156
1.3972547054290771
14.903403282165527
7.809481620788574
9.389058113098145
6.969712734222412
16.276039123535156
1.3972547054290771
14.903403282165527
7.809787750244141
9.389410018920898
6.969712734222412
16.276039123535156
1.3972547054290771
14.903403282165527
7.810088634490967
9.389756202697754
6.969712734222412
16.276039123535156
1.3972547054290771
14.903403282165527
7.810384750366211
9.390096664428711
6.969712734222412
16.276039123535156
1.3972547054290771
14.903403282165527
7.810676097869873
9.39043140411377
6.969712734222412
16.276039123535156
1.3972547054290771
14.903403282165527
7.810962200164795
9.39076042175293
6.969712734222412
16.276039123535156
1.3972547054290771
14.903403282165527
7.811243534088135
9.391083717346191
6.969712734222412
16.276039123535156
1.3972547054290771
14.903403282165527
7.811520099639893
9.391402244567871
6.969712734222412
16.276039123535156
1.3972547054290771
14.903403282165527
7.811792373657227
9.391715049743652
6.969712734222412
16.276039123535156
1.3972547054290771
14.903403282165527
7.8120598793029785
9.392022132873535
6.969712734222412
16.276039123535156
1.3972547054290771
14.903403282165527
7.812323093414307
9.392324447631836
6.969712734222412
16.276039123535156
1.3972547054290771
14.903403282165527
7.812582015991211
9.392621994018555
6.969712734222412
16.276039123535156
1.3972547054290771
14.903403282165527
7.812836647033691
9.392914772033691
6.969712734222412
16.276039123535156
1.3972547054290771
14.903403282165527
7.813086986541748
9.393202781677246
6.969712734222412
16.276039123535156
1.3972547054290771
14.903403282165527
7.813333034515381
9.393485069274902
6.969712734222412
16.276039123535156
1.3972547054290771
14.903403282165527
7.81357479095459
9.393763542175293
6.969712734222412
16.276039123535156
1.3972547054290771
14.903403282165527
7.813812732696533
9.394037246704102
6.969712734222412
16.276039123535156
1.3972547054290771
14.903403282165527
7.814046859741211
9.394306182861328
6.969712734222412
16.276039123535156
1.3972547054290771
14.903403282165527
7.814277172088623
9.394570350646973
6.969712734222412
16.276039123535156
1.3972547054290771
14.903403282165527
7.814503192901611
9.394830703735352
6.969712734222412
16.276039123535156
1.3972547054290771
14.903403282165527
7.814725875854492
9.395086288452148
6.969712734222412
16.276039123535156
1.3972547054290771
14.903403282165527
7.814944744110107
9.39533805847168
6.969712734222412
16.276039123535156
1.3972547054290771
14.903403282165527
7.815159797668457
9.395585060119629
6.969712734222412
16.276039123535156
1.3972547054290771
14.903403282165527
7.815371513366699
9.395828247070312
6.969712734222412
16.276039123535156
1.3972547054290771
14.903403282165527
7.815579414367676
9.39606761932373
6.969712734222412
16.276039123535156
1.3972547054290771
14.903403282165527
7.815783977508545
9.396302223205566
6.969712734222412
16.276039123535156
1.3972547054290771
14.903403282165527
7.815985202789307
9.396533012390137
6.969712734222412
16.276039123535156
1.3972547054290771
14.903403282165527
7.816183090209961
9.396759986877441
6.969712734222412
16.276039123535156
1.3972547054290771
14.903403282165527
7.816377639770508
9.39698314666748
6.969712734222412
16.276039123535156
1.3972547054290771
14.903403282165527
7.816568851470947
9.397202491760254
6.969712734222412
16.276039123535156
1.3972547054290771
14.903403282165527
7.816756725311279
9.397418975830078
6.969712734222412
16.276039123535156
1.3972547054290771
14.903403282165527
7.816941738128662
9.397631645202637
6.969712734222412
16.276039123535156
1.3972547054290771
14.903403282165527
7.8171234130859375
9.39784049987793
6.969712734222412
16.276039123535156
1.3972547054290771
14.903403282165527
7.817302227020264
9.398045539855957
6.969712734222412
16.276039123535156
1.3972547054290771
14.903403282165527
7.817478179931641
9.398247718811035
6.969712734222412
16.276039123535156
1.3972547054290771
14.903403282165527
7.817651271820068
9.398446083068848
6.969712734222412
16.276039123535156
1.3972547054290771
14.903403282165527
7.817821502685547
9.398641586303711
6.969712734222412
16.276039123535156
1.3972547054290771
14.903403282165527
7.817988872528076
9.398833274841309
6.969712734222412
16.276039123535156
1.3972547054290771
14.903403282165527
7.818153381347656
9.399022102355957
6.969712734222412
16.276039123535156
1.3972547054290771
14.903403282165527
7.818315029144287
9.399208068847656
6.969712734222412
16.276039123535156
1.3972547054290771
14.903403282165527
7.818473815917969
9.399391174316406
6.969712734222412
16.276039123535156
1.3972547054290771
14.903403282165527
7.818630218505859
9.39957046508789
6.969712734222412
16.276039123535156
1.3972547054290771
14.903403282165527
7.818783760070801
9.399746894836426
6.969712734222412
16.276039123535156
1.3972547054290771
14.903403282165527
7.818934917449951
9.399920463562012
6.969712734222412
16.276039123535156
1.3972547054290771
14.903403282165527
7.8190836906433105
9.400091171264648
6.969712734222412
16.276039123535156
1.3972547054290771
14.903403282165527
7.819229602813721
9.400259017944336
6.969712734222412
16.276039123535156
1.3972547054290771
14.903403282165527
7.81937313079834
9.400424003601074
6.969712734222412
16.276039123535156
1.3972547054290771
14.903403282165527
7.819514274597168
9.400586128234863
6.969712734222412
16.276039123535156
1.3972547054290771
14.903403282165527
7.819653034210205
9.400745391845703
6.969712734222412
16.276039123535156
1.3972547054290771
14.903403282165527
7.819789886474609
9.40090274810791
6.969712734222412
16.276039123535156
1.3972547054290771
14.903403282165527
7.819924354553223
9.401057243347168
6.969712734222412
16.276039123535156
1.3972547054290771
14.903403282165527
7.820056438446045
9.401208877563477
6.969712734222412
16.276039123535156
1.3972547054290771
14.903403282165527
7.820186138153076
9.401358604431152
6.969712734222412
16.276039123535156
1.3972547054290771
14.903403282165527
7.820313930511475
9.401505470275879
6.969712734222412
16.276039123535156
1.3972547054290771
14.903403282165527
7.820439338684082
9.401649475097656
6.969712734222412
16.276039123535156
1.3972547054290771
14.903403282165527
7.820562839508057
9.4017915725708
6.969712734222412
16.276039123535156
1.3972547054290771
14.903403282165527
7.820684432983398
9.401930809020996
6.969712734222412
16.276039123535156
1.3972547054290771
14.903403282165527
7.820804119110107
9.402068138122559
6.969712734222412
16.276039123535156
1.3972547054290771
14.903403282165527
7.820921421051025
9.402203559875488
6.969712734222412
16.276039123535156
1.3972547054290771
14.903403282165527
7.8210368156433105
9.402336120605469
6.969712734222412
16.276039123535156
1.3972547054290771
14.903403282165527
7.821150302886963
9.402466773986816
6.969712734222412
16.276039123535156
1.3972547054290771
14.903403282165527
7.821261882781982
9.402595520019531
6.969712734222412
16.276039123535156
1.3972547054290771
14.903403282165527
7.821371555328369
9.402721405029297
6.969712734222412
16.276039123535156
1.3972547054290771
14.903403282165527
7.821479320526123
9.40284538269043
6.969712734222412
16.276039123535156
1.3972547054290771
14.903403282165527
7.821585655212402
9.40296745300293
6.969712734222412
16.276039123535156
1.3972547054290771
14.903403282165527
7.821690082550049
9.403087615966797
6.969712734222412
16.276039123535156
1.3972547054290771
14.903403282165527
7.8217926025390625
9.403205871582031
6.969712734222412
16.276039123535156
1.3972547054290771
14.903403282165527
7.821893692016602
9.403322219848633
6.969712734222412
16.276039123535156
1.3972547054290771
14.903403282165527
7.821992874145508
9.403436660766602
6.969712734222412
16.276039123535156
1.3972547054290771
14.903403282165527
7.8220906257629395
9.403549194335938
6.969712734222412
16.276039123535156
1.3972547054290771
14.903403282165527
7.822186470031738
9.40365982055664
6.969712734222412
16.276039123535156
1.3972547054290771
14.903403282165527
7.8222808837890625
9.403768539428711
6.969712734222412
16.276039123535156
1.3972547054290771
14.903403282165527
7.822373867034912
9.403875350952148
6.969712734222412
16.276039123535156
1.3972547054290771
14.903403282165527
7.822464942932129
9.403980255126953
6.969712734222412
16.276039123535156
1.3972547054290771
14.903403282165527
7.822554588317871
9.404083251953125
6.969712734222412
16.276039123535156
1.3972547054290771
14.903403282165527
7.822642803192139
9.404184341430664
6.969712734222412
16.276039123535156
1.3972547054290771
14.903403282165527
7.822729587554932
9.404284477233887
6.969712734222412
16.276039123535156
1.3972547054290771
14.903403282165527
7.82281494140625
9.404382705688477
6.969712734222412
16.276039123535156
1.3972547054290771
14.903403282165527
7.822898864746094
9.404479026794434
6.969712734222412
16.276039123535156
1.3972547054290771
14.903403282165527
7.822981357574463
9.404573440551758
6.969712734222412
16.276039123535156
1.3972547054290771
14.903403282165527
7.823062419891357
9.404666900634766
6.969712734222412
16.276039123535156
1.3972547054290771
14.903403282165527
7.823142051696777
9.40475845336914
6.969712734222412
16.276039123535156
1.3972547054290771
14.903403282165527
7.823220729827881
9.4048490524292
6.969712734222412
16.276039123535156
1.3972547054290771
14.903403282165527
7.82329797744751
9.404937744140625
6.969712734222412
16.276039123535156
1.3972547054290771
14.903403282165527
7.823373794555664
9.405024528503418
6.969712734222412
16.276039123535156
1.3972547054290771
14.903403282165527
7.823448181152344
9.405110359191895
6.969712734222412
16.276039123535156
1.3972547054290771
14.903403282165527
7.823521614074707
9.405194282531738
6.969712734222412
16.276039123535156
1.3972547054290771
14.903403282165527
7.823593616485596
9.405277252197266
6.969712734222412
16.276039123535156
1.3972547054290771
14.903403282165527
7.823664665222168
9.40535831451416
6.969712734222412
16.276039123535156
1.3972547054290771
14.903403282165527
7.823734283447266
9.405438423156738
6.969712734222412
16.276039123535156
1.3972547054290771
14.903403282165527
7.823802947998047
9.405517578125
6.969712734222412
16.276039123535156
1.3972547054290771
14.903403282165527
7.8238701820373535
9.405594825744629
6.969712734222412
16.276039123535156
1.3972547054290771
14.903403282165527
7.823936462402344
9.405671119689941
6.969712734222412
16.276039123535156
1.3972547054290771
14.903403282165527
