1.3695992231369019
18.513578414916992
6.958804607391357
15.434419631958008
3.3407938480377197
18.819477081298828
1.0973187685012817
17.921770095825195
6.958804607391357
15.434419631958008
3.46229887008667
16.814701080322266
1.0049636363983154
17.363880157470703
6.958804607391357
15.434419631958008
3.907148838043213
15.061934471130371
1.050371527671814
16.876209259033203
6.958804607391357
15.434419631958008
3.99251651763916
16.048843383789062
1.0950226783752441
16.396665573120117
6.958804607391357
15.434419631958008
4.076461315155029
17.019304275512695
1.1389296054840088
15.925114631652832
6.958804607391357
15.434419631958008
4.1590070724487305
17.973590850830078
1.1821048259735107
15.46142292022705
6.958804607391357
15.434419631958008
4.240177154541016
18.911972045898438
1.2245603799819946
15.00545883178711
6.958804607391357
15.434419631958008
4.295981407165527
18.580768585205078
1.2663084268569946
14.55709457397461
6.958804607391357
15.434419631958008
4.348207950592041
18.127086639404297
1.3073606491088867
14.116202354431152
6.958804607391357
15.434419631958008
4.399563789367676
17.680967330932617
1.3477286100387573
13.682659149169922
6.958804607391357
15.434419631958008
4.450063705444336
17.24228286743164
1.3874237537384033
13.256340980529785
6.958804607391357
15.434419631958008
4.499722003936768
16.810909271240234
1.426457405090332
12.837128639221191
6.958804607391357
15.434419631958008
4.548552513122559
16.38672637939453
1.4648404121398926
12.42490291595459
6.958804607391357
15.434419631958008
4.596569538116455
15.969612121582031
1.5025837421417236
12.019547462463379
6.958804607391357
15.434419631958008
4.6437859535217285
15.559450149536133
1.5396980047225952
11.62094783782959
6.958804607391357
15.434419631958008
4.690215587615967
15.156124114990234
1.5761936902999878
11.228991508483887
6.958804607391357
15.434419631958008
4.726804256439209
15.122583389282227
1.6120811700820923
10.843567848205566
6.958804607391357
15.434419631958008
4.756682395935059
15.317580223083496
1.647370457649231
10.464568138122559
6.958804607391357
15.434419631958008
4.786062717437744
15.509326934814453
1.682071566581726
10.09188461303711
6.958804607391357
15.434419631958008
4.814953327178955
15.697877883911133
1.7161943912506104
9.72541332244873
6.958804607391357
15.434419631958008
4.843362331390381
15.883286476135254
1.7497484683990479
9.365049362182617
6.958804607391357
15.434419631958008
4.871297836303711
16.06560516357422
1.7827433347702026
9.01069164276123
6.958804607391357
15.434419631958008
4.898767948150635
16.244884490966797
1.8151882886886597
8.662240028381348
6.958804607391357
15.434419631958008
4.925780296325684
16.42117691040039
1.8470925092697144
8.319595336914062
6.958804607391357
15.434419631958008
4.952342510223389
16.59453010559082
1.878464937210083
7.982661724090576
6.958804607391357
15.434419631958008
4.978461742401123
16.764995574951172
1.909314513206482
7.651343822479248
6.958804607391357
15.434419631958008
5.004145622253418
16.932619094848633
1.9396499395370483
7.325547695159912
6.958804607391357
15.434419631958008
5.029401779174805
17.097448348999023
1.9694797992706299
7.005181312561035
6.958804607391357
15.434419631958008
5.054236888885498
17.259531021118164
1.9988124370574951
6.690154552459717
6.958804607391357
15.434419631958008
5.078658103942871
17.418912887573242
2.027656316757202
6.380378246307373
6.958804607391357
15.434419631958008
5.102672100067139
17.575637817382812
2.0560193061828613
6.075765132904053
6.958804607391357
15.434419631958008
5.126286029815674
17.72974967956543
2.083909749984741
5.776228904724121
6.958804607391357
15.434419631958008
5.149506568908691
17.88129425048828
2.111335277557373
5.481684684753418
6.958804607391357
15.434419631958008
5.172339916229248
18.03031349182129
2.138303756713867
5.192049503326416
6.958804607391357
15.434419631958008
5.194792747497559
18.176847457885742
2.164822816848755
4.9072418212890625
6.958804607391357
15.434419631958008
5.21687126159668
18.320940017700195
2.1908998489379883
4.627180576324463
6.958804607391357
15.434419631958008
5.238581657409668
18.462631225585938
2.2165422439575195
4.351787090301514
6.958804607391357
15.434419631958008
5.259930610656738
18.601961135864258
2.2417571544647217
4.080983638763428
6.958804607391357
15.434419631958008
5.280923366546631
18.738967895507812
2.266551971435547
3.8146934509277344
6.958804607391357
15.434419631958008
5.3015666007995605
18.87369155883789
2.29093337059021
3.5528414249420166
6.958804607391357
15.434419631958008
5.321865558624268
19.00617027282715
2.314908504486084
3.295353651046753
6.958804607391357
15.434419631958008
5.3351006507873535
18.930038452148438
2.338484048843384
3.0421574115753174
6.958804607391357
15.434419631958008
5.348114967346191
18.865989685058594
2.361666679382324
2.7931809425354004
6.958804607391357
15.434419631958008
5.360912322998047
18.803007125854492
2.384462833404541
2.548354148864746
6.958804607391357
15.434419631958008
5.3734965324401855
18.74107551574707
2.406879186630249
2.307607889175415
6.958804607391357
15.434419631958008
5.385870933532715
18.68017578125
2.428921937942505
2.070873975753784
6.958804607391357
15.434419631958008
5.398038864135742
18.620290756225586
2.4505972862243652
1.838085651397705
6.958804607391357
15.434419631958008
5.410004138946533
18.561403274536133
2.4719114303588867
1.6091771125793457
6.958804607391357
15.434419631958008
5.421770095825195
18.503498077392578
2.492870330810547
1.3840837478637695
6.958804607391357
15.434419631958008
5.433340072631836
18.446557998657227
2.5134799480438232
1.1627418994903564
6.958804607391357
15.434419631958008
5.444716930389404
18.390565872192383
2.532191514968872
1.029799222946167
6.958804607391357
15.434419631958008
5.455904483795166
18.335508346557617
2.5454540252685547
1.1368118524551392
6.958804607391357
15.434419631958008
5.46690559387207
18.281368255615234
2.55849552154541
1.2420408725738525
6.958804607391357
15.434419631958008
5.477723121643066
18.228130340576172
2.571319818496704
1.3455160856246948
6.958804607391357
15.434419631958008
5.488360404968262
18.175779342651367
2.583930253982544
1.4472668170928955
6.958804607391357
15.434419631958008
5.4988203048706055
18.124300003051758
2.5963306427001953
1.5473216772079468
6.958804607391357
15.434419631958008
5.509106159210205
18.073678970336914
2.6085243225097656
1.6457089185714722
6.958804607391357
15.434419631958008
5.519220352172852
18.023902893066406
2.6205146312713623
1.7424564361572266
6.958804607391357
15.434419631958008
5.529166221618652
17.97495460510254
2.632305145263672
1.8375914096832275
6.958804607391357
15.434419631958008
5.538946151733398
17.926822662353516
2.6438992023468018
1.9311408996582031
6.958804607391357
15.434419631958008
5.548563003540039
17.879493713378906
2.6553001403808594
2.0231311321258545
6.958804607391357
15.434419631958008
5.558019638061523
17.83295249938965
2.666511058807373
2.113588333129883
6.958804607391357
15.434419631958008
5.567318439483643
17.787187576293945
2.677535057067871
2.202537775039673
6.958804607391357
15.434419631958008
5.576462268829346
17.742185592651367
2.688375234603882
2.2900047302246094
6.958804607391357
15.434419631958008
5.585453987121582
17.697933197021484
2.6990346908569336
2.376013994216919
6.958804607391357
15.434419631958008
5.594295978546143
17.6544189453125
2.7095165252685547
2.460589647293091
6.958804607391357
15.434419631958008
5.602990627288818
17.611629486083984
2.7198238372802734
2.5437557697296143
6.958804607391357
15.434419631958008
5.6115403175354
17.56955337524414
2.72995924949646
2.625535726547241
6.958804607391357
15.434419631958008
5.61994743347168
17.528179168701172
2.7399258613586426
2.7059528827667236
6.958804607391357
15.434419631958008
5.628214359283447
17.48749351501465
2.7497262954711914
2.785029649734497
6.958804607391357
15.434419631958008
5.636343479156494
17.447486877441406
2.7593634128570557
2.862788438796997
6.958804607391357
15.434419631958008
5.644337177276611
17.408145904541016
2.7688398361206055
2.939251184463501
6.958804607391357
15.434419631958008
5.652197360992432
17.369461059570312
2.77815842628479
3.014439582824707
6.958804607391357
15.434419631958008
5.659926891326904
17.3314208984375
2.7873215675354004
3.0883748531341553
6.958804607391357
15.434419631958008
5.667527675628662
17.29401397705078
2.7963321208953857
3.1610779762268066
6.958804607391357
15.434419631958008
5.675001621246338
17.257230758666992
2.805192470550537
3.232569456100464
6.958804607391357
15.434419631958008
5.682351112365723
17.22106170654297
2.8139050006866455
3.3028693199157715
6.958804607391357
15.434419631958008
5.689578056335449
17.185495376586914
2.822472333908081
3.371997594833374
6.958804607391357
15.434419631958008
5.69668436050415
17.150522232055664
2.8308968544006348
3.4399735927581787
6.958804607391357
15.434419631958008
5.703672409057617
17.116130828857422
2.8391809463500977
3.5068166255950928
6.958804607391357
15.434419631958008
5.710544109344482
17.082313537597656
2.8473269939422607
3.5725457668304443
6.958804607391357
15.434419631958008
5.717300891876221
17.04905891418457
2.855337381362915
3.637179374694824
6.958804607391357
15.434419631958008
5.723945140838623
17.016359329223633
2.8632142543792725
3.7007358074188232
6.9646897315979
15.42594051361084
5.724593162536621
16.992685317993164
2.870959758758545
3.763232946395874
6.976162910461426
15.407479286193848
5.719544887542725
16.97952651977539
2.8785762786865234
3.82468843460083
6.987444877624512
15.389326095581055
5.714580535888672
16.96658706665039
2.886065721511841
3.885119676589966
6.998538494110107
15.371475219726562
5.7096991539001465
16.9538631439209
2.893430471420288
3.9445436000823975
7.0094475746154785
15.353921890258789
5.704899311065674
16.94135284423828
2.900672435760498
4.00297737121582
7.020174503326416
15.336661338806152
5.700179100036621
16.92905044555664
2.9077937602996826
4.060437202453613
7.030722618103027
15.31968879699707
5.695537567138672
16.91695213317871
2.9147963523864746
4.116939067840576
7.04109525680542
15.302998542785645
5.69097375869751
16.90505599975586
2.921682119369507
4.172499656677246
7.051294803619385
15.28658676147461
5.686485767364502
16.89335823059082
2.928453207015991
4.2271342277526855
7.061324596405029
15.270448684692383
5.682072639465332
16.881855010986328
2.9351115226745605
4.280858039855957
7.0711870193481445
15.254579544067383
5.677732944488525
16.87054443359375
2.9416587352752686
4.333686351776123
7.08088493347168
15.238974571228027
5.673465728759766
16.85942268371582
2.948096990585327
4.385634422302246
7.090421199798584
15.22362995147705
5.669269561767578
16.848485946655273
2.95442795753479
4.436716556549072
7.099798679351807
15.208540916442871
5.6651434898376465
16.837730407714844
2.960653305053711
4.486947536468506
7.109019756317139
15.193703651428223
5.661086082458496
16.8271541595459
2.9667749404907227
4.536341190338135
7.118087291717529
15.179113388061523
5.6570963859558105
16.816755294799805
2.972794532775879
4.584911346435547
7.1270036697387695
15.164766311645508
5.653172969818115
16.806529998779297
2.9787137508392334
4.632672309875488
7.13577127456665
15.15065860748291
5.649314880371094
16.79647445678711
2.98453426361084
4.6796369552612305
7.144392967224121
15.136785507202148
5.64552116394043
16.78658676147461
2.990257740020752
4.725819110870361
7.152871131896973
15.123144149780273
5.641790866851807
16.77686309814453
2.9958858489990234
4.771231651306152
7.161207675933838
15.109729766845703
5.63812255859375
16.767301559448242
3.001420259475708
4.815886974334717
7.169405460357666
15.096539497375488
5.634515285491943
16.75790023803711
3.0068624019622803
4.859798431396484
7.17746639251709
15.083568572998047
5.63096809387207
16.748655319213867
3.012213945388794
4.90297794342041
7.185393333435059
15.07081413269043
5.6274800300598145
16.739564895629883
3.0174760818481445
4.945437908172607
7.193187713623047
15.058272361755371
5.624050140380859
16.73062515258789
3.022650718688965
4.987189769744873
7.200852394104004
15.045939445495605
5.620677471160889
16.721834182739258
3.0277390480041504
5.02824592590332
7.2083892822265625
15.033811569213867
5.617361068725586
16.71319007873535
3.032742500305176
5.068617820739746
7.215800762176514
15.021885871887207
5.614099979400635
16.70469093322754
3.0376625061035156
5.108316898345947
7.22308874130249
15.010159492492676
5.610893249511719
16.696332931518555
3.0425004959106445
5.1473541259765625
7.230255126953125
14.998628616333008
5.6077399253845215
16.688114166259766
3.047257900238037
5.185740947723389
7.237301826477051
14.987289428710938
5.604639053344727
16.68003273010254
3.051936149597168
5.223487854003906
7.244231224060059
14.976139068603516
5.601590156555176
16.67208480834961
3.0565364360809326
5.260605812072754
7.251045227050781
14.965174674987793
5.5985918045043945
16.664270401000977
3.0610599517822266
5.297105312347412
7.257745742797852
14.95439338684082
5.595643520355225
16.656585693359375
3.0655081272125244
5.332996368408203
7.264334678649902
14.943791389465332
5.59274435043335
16.649028778076172
3.0698821544647217
5.368288993835449
7.270813465118408
14.933366775512695
5.589893341064453
16.641597747802734
3.074183225631714
5.402993679046631
7.27718448638916
14.923115730285645
5.587090015411377
16.63429069519043
3.0784127712249756
5.437119960784912
7.283449172973633
14.91303539276123
5.584333419799805
16.627105712890625
3.0825717449188232
5.470677375793457
7.289609432220459
14.903122901916504
5.58162260055542
16.620040893554688
3.0866613388061523
5.50367546081543
7.2956671714782715
14.893375396728516
5.5789570808410645
16.613094329833984
3.0906827449798584
5.536123752593994
7.301623821258545
14.883790969848633
5.576335906982422
16.60626220703125
3.094637155532837
5.568031311035156
7.307481288909912
14.87436580657959
5.573758602142334
16.599544525146484
3.0793251991271973
5.5803608894348145
7.313241004943848
14.865097999572754
5.571224212646484
16.592939376831055
3.0642685890197754
5.592484951019287
7.318904876708984
14.855984687805176
5.568732261657715
16.586442947387695
3.0494627952575684
5.604406833648682
7.324474334716797
14.847023010253906
5.566281795501709
16.580055236816406
3.0349037647247314
5.6161298751831055
7.32995080947876
14.838211059570312
5.56387186050415
16.573774337768555
3.02058744430542
5.627657413482666
7.335336208343506
14.829545974731445
5.561502456665039
16.567598342895508
3.006509780883789
5.638992786407471
7.34063196182251
14.821024894714355
5.5591721534729
16.561525344848633
2.992666721343994
5.650139331817627
7.345839023590088
14.81264591217041
5.556880950927734
16.555553436279297
2.9790544509887695
5.661100387573242
7.350959300994873
14.80440616607666
5.554627895355225
16.549680709838867
2.9656689167022705
5.671878814697266
7.355994701385498
14.796303749084473
5.552412509918213
16.54390525817871
2.9525065422058105
5.6824774742126465
7.360946178436279
14.788336753845215
5.550233840942383
16.538227081298828
2.939563512802124
5.692899227142334
7.365814685821533
14.780502319335938
5.548091411590576
16.532642364501953
2.9268362522125244
5.7031474113464355
7.370602130889893
14.772798538208008
5.545984745025635
16.527151107788086
2.914321184158325
5.7132248878479
7.375309944152832
14.765223503112793
5.5439133644104
16.521751403808594
2.9020144939422607
5.723134517669678
7.379939079284668
14.757774353027344
5.541876316070557
16.516441345214844
2.8899130821228027
5.732878684997559
7.384491443634033
14.750449180603027
5.539873123168945
16.511220932006836
2.8780133724212646
5.74246072769165
7.388967514038086
14.743246078491211
5.537903308868408
16.506086349487305
2.86631178855896
5.751883029937744
7.393369197845459
14.736163139343262
5.535966396331787
16.50103759765625
2.8548052310943604
5.761147975921631
7.397697448730469
14.729198455810547
5.534061908721924
16.49607276916504
2.8434906005859375
5.770258903503418
7.40195369720459
14.722350120544434
5.532188892364502
16.491191864013672
2.832364559173584
5.779217720031738
7.406138896942139
14.715615272521973
5.5303473472595215
16.486391067504883
2.8214240074157715
5.788027286529541
7.41025447845459
14.708992958068848
5.528536319732666
16.481670379638672
2.8106656074523926
5.796689987182617
7.41430139541626
14.702481269836426
5.5267558097839355
16.47702980041504
2.800086498260498
5.805208206176758
7.418281078338623
14.696078300476074
5.525004863739014
16.47246551513672
2.7896838188171387
5.813584804534912
7.422194004058838
14.68978214263916
5.523283004760742
16.46797752380371
2.779454469680786
5.821821689605713
7.426042079925537
14.68359088897705
5.521589756011963
16.463563919067383
2.769395589828491
5.829921245574951
7.429825782775879
14.677502632141113
5.519924640655518
16.459224700927734
2.7595043182373047
5.837885856628418
7.433546543121338
14.671515464782715
5.518287658691406
16.454957962036133
2.7497780323028564
5.845717430114746
7.4372053146362305
14.665628433227539
5.5166778564453125
16.450761795043945
2.7402138710021973
5.853418827056885
7.440803050994873
14.659839630126953
5.515094757080078
16.446636199951172
2.730808973312378
5.860991954803467
7.444340705871582
14.654147148132324
5.513537883758545
16.44257926940918
2.7215609550476074
5.868438720703125
7.447819709777832
14.64854907989502
5.512007236480713
16.438589096069336
2.7124669551849365
5.87576150894165
7.451240539550781
14.643044471740723
5.510501861572266
16.43466567993164
2.703524589538574
5.882962226867676
7.454604148864746
14.6376314163208
5.509021759033203
16.43080711364746
2.6947312355041504
5.890042781829834
7.457911968231201
14.632308959960938
5.507566452026367
16.427013397216797
2.686084508895874
5.897005081176758
7.461164474487305
14.6270751953125
5.5061354637146
16.423282623291016
2.677581787109375
5.903851509094238
7.464363098144531
14.621929168701172
5.504728317260742
16.419614791870117
2.6692209243774414
5.910583972930908
7.467508316040039
14.616868019104004
5.503344535827637
16.41600799560547
2.660999298095703
5.9172043800354
7.4706010818481445
14.611891746520996
5.501983642578125
16.412460327148438
2.6529147624969482
5.9237141609191895
7.473642349243164
14.606998443603516
5.500645637512207
16.408971786499023
2.6449649333953857
5.930115699768066
7.476632595062256
14.60218620300293
5.499329566955566
16.405542373657227
2.6371476650238037
5.936410427093506
7.4795732498168945
14.597454071044922
5.498035430908203
16.402170181274414
2.629460573196411
5.942600250244141
7.482464790344238
14.592801094055176
5.496763229370117
16.398853302001953
2.621901750564575
5.948686599731445
7.4853081703186035
14.588225364685059
5.495512008666992
16.395591735839844
2.614468812942505
5.954671859741211
7.488104343414307
14.583725929260254
5.494281768798828
16.392385482788086
2.6071598529815674
5.960557460784912
7.490853786468506
14.579301834106445
5.493072032928467
16.389232635498047
2.599972724914551
5.966344833374023
7.493557453155518
14.574951171875
5.49188232421875
16.386131286621094
2.592905282974243
5.972035884857178
7.4962158203125
14.570672988891602
5.490712642669678
16.383081436157227
2.5859556198120117
5.97763204574585
7.4988298416137695
14.566466331481934
5.489562511444092
16.380083084106445
2.5791218280792236
5.983134746551514
7.501400470733643
14.56233024597168
5.488431453704834
16.377134323120117
2.572402000427246
5.988545894622803
7.503928184509277
14.558262825012207
5.487318992614746
16.374235153198242
2.565793991088867
5.993866920471191
7.50641393661499
14.5542631149292
5.486225128173828
16.371383666992188
2.559296131134033
5.999099254608154
7.5088582038879395
14.55033016204834
5.485149383544922
16.368579864501953
2.5529065132141113
6.004244327545166
7.511261940002441
14.546463012695312
5.484091758728027
16.36582374572754
2.546623468399048
6.009303569793701
7.513625621795654
14.542659759521484
5.483051776885986
16.363113403320312
2.54044508934021
6.014278411865234
7.515949726104736
14.538920402526855
5.482028961181641
16.360448837280273
2.534369707107544
6.01917028427124
7.518235206604004
14.535243034362793
5.48102331161499
16.35782814025879
2.528395652770996
6.023980617523193
7.520482540130615
14.53162670135498
5.480034351348877
16.35525131225586
2.5225212574005127
6.028710842132568
7.5226922035217285
14.528071403503418
5.479062080383301
16.35271644592285
2.516744613647461
6.03336238861084
7.52486515045166
14.524575233459473
5.4781060218811035
16.350223541259766
2.511064291000366
6.037936210632324
7.527001857757568
14.521137237548828
5.477165699005127
16.3477725982666
2.505478620529175
6.042433738708496
7.529102802276611
14.517756462097168
5.476241111755371
16.34536361694336
2.499986171722412
6.04685640335083
7.5311689376831055
14.514431953430176
5.475331783294678
16.342994689941406
2.4945850372314453
6.051205158233643
7.533200740814209
14.511162757873535
5.474437713623047
16.34066390991211
2.489274024963379
6.055481433868408
7.53519868850708
14.50794792175293
5.47355842590332
16.3383731842041
2.484051465988159
6.059686660766602
7.537163257598877
14.504786491394043
5.472693920135498
16.33612060546875
2.4789159297943115
6.063821792602539
7.539094924926758
14.501678466796875
5.471843719482422
16.333904266357422
2.4738659858703613
6.067887783050537
7.540994644165039
14.498621940612793
5.471007823944092
16.33172607421875
2.468900203704834
6.07188606262207
7.542862415313721
14.49561595916748
5.47018575668335
16.3295841217041
2.464017391204834
6.075818061828613
7.544699192047119
14.492660522460938
5.469377517700195
16.327478408813477
2.4592158794403076
6.079684257507324
7.546505451202393
14.489754676818848
5.468582630157471
16.325407028198242
2.4544944763183594
6.083486080169678
7.548281669616699
14.486896514892578
5.467801094055176
16.3233699798584
2.4498517513275146
6.08722448348999
7.550028324127197
14.484086036682129
5.467032432556152
16.321367263793945
2.445286273956299
6.090900421142578
7.551745891571045
14.481322288513184
5.4662766456604
16.31939697265625
2.4407968521118164
6.094515323638916
7.5534348487854
14.478605270385742
5.46553373336792
16.317461013793945
2.436382293701172
6.09807014465332
7.555095672607422
14.475933074951172
5.464803218841553
16.315555572509766
2.4320414066314697
6.101565361022949
7.556728363037109
14.473305702209473
5.464084625244141
16.313682556152344
2.4277727603912354
6.105002403259277
7.558333873748779
14.470722198486328
5.463377952575684
16.311840057373047
2.4235754013061523
6.108382225036621
7.55991268157959
14.468181610107422
5.462683200836182
16.310029983520508
2.419447898864746
6.111705780029297
7.561465263366699
14.465682983398438
5.461999893188477
16.30824851989746
2.4153892993927
6.114974021911621
7.562992095947266
14.463226318359375
5.461328029632568
16.30649757385254
2.41139817237854
6.11818790435791
7.564493179321289
14.460810661315918
5.460667610168457
16.30477523803711
2.407473564147949
6.121347904205322
7.565969467163086
14.45843505859375
5.460018157958984
16.303081512451172
2.4036145210266113
6.124455451965332
7.567420959472656
14.456099510192871
5.459379196166992
16.301416397094727
2.3998196125030518
6.127511024475098
7.568848609924316
14.453802108764648
5.458751201629639
16.299779891967773
2.396088123321533
6.1305155754089355
7.570252418518066
14.451543807983398
5.458133697509766
16.29817008972168
2.392418622970581
6.133470058441162
7.5716328620910645
14.449322700500488
5.457526206970215
16.296586990356445
2.388810396194458
6.136375427246094
7.5729899406433105
14.447138786315918
5.4569292068481445
16.29503059387207
2.3852622509002686
6.139232635498047
7.574324607849121
14.444991111755371
5.456341743469238
16.293498992919922
2.3817732334136963
6.14204216003418
7.575636863708496
14.442879676818848
5.455764293670654
16.291994094848633
2.378342390060425
6.14480447769165
7.576927185058594
14.440803527832031
5.455196380615234
16.29051399230957
2.3749687671661377
6.147521018981934
7.578196048736572
14.438761711120605
5.4546380043029785
16.289058685302734
2.3716514110565186
6.1501922607421875
7.57944393157959
14.43675422668457
5.4540886878967285
16.287628173828125
2.368389368057251
6.1528191566467285
7.5806708335876465
14.43478012084961
5.453548908233643
16.28622055053711
2.3651816844940186
6.155402183532715
7.581877708435059
14.432838439941406
5.4530181884765625
16.284835815429688
2.362027406692505
6.157942295074463
7.583064079284668
14.430929183959961
5.45249605178833
16.283475875854492
2.3589255809783936
6.160439968109131
7.584230899810791
14.429051399230957
5.451982498168945
16.282136917114258
2.3558754920959473
6.162895679473877
7.585378170013428
14.427205085754395
5.451477527618408
16.280820846557617
2.3528764247894287
6.165310859680176
7.586506366729736
14.425389289855957
5.450981140136719
16.27952766418457
2.3499271869659424
6.167685508728027
7.587615966796875
14.423604011535645
5.450492858886719
16.278255462646484
2.347027063369751
6.170020580291748
7.588706970214844
14.42184829711914
5.450012683868408
16.27700424194336
2.344175338745117
6.172317028045654
7.589779853820801
14.420122146606445
5.449540615081787
16.275774002075195
2.3413710594177246
6.174574851989746
7.590834617614746
14.418424606323242
5.4490766525268555
16.274564743041992
2.338613510131836
6.17679500579834
7.591871738433838
14.416755676269531
5.448620319366455
16.273374557495117
2.335901975631714
6.178978443145752
7.592891693115234
14.415114402770996
5.448171615600586
16.272205352783203
2.333235740661621
6.181125164031982
7.5938944816589355
14.413500785827637
5.44773006439209
16.271055221557617
2.330613851547241
6.183236122131348
7.5948805809021
14.411913871765137
5.447296142578125
16.26992416381836
2.328035593032837
6.185312271118164
7.595850467681885
14.410353660583496
5.446869373321533
16.26881217956543
2.32550048828125
6.187353610992432
7.596804141998291
14.408819198608398
5.4464497566223145
16.267719268798828
2.323007583618164
6.189361095428467
7.597742080688477
14.407310485839844
5.446037292480469
16.266643524169922
2.320556163787842
6.191335201263428
7.598664283752441
14.405826568603516
5.445631504058838
16.265586853027344
2.318145751953125
6.193276405334473
7.599571228027344
14.404367446899414
5.445232391357422
16.26454734802246
2.3157753944396973
6.19518518447876
7.600462913513184
14.402933120727539
5.444839954376221
16.263525009155273
2.3134446144104004
6.197062015533447
7.601339817047119
14.401522636413574
5.444454193115234
16.26251983642578
2.311152696609497
6.198907375335693
7.60220193862915
14.400135040283203
5.444074630737305
16.261531829833984
2.30889892578125
6.2007222175598145
7.6030497550964355
14.398771286010742
5.44370174407959
16.26055908203125
2.306682586669922
6.2025065422058105
7.603883266448975
14.397429466247559
5.443335056304932
16.25960350036621
2.3045032024383545
6.204261302947998
7.604702949523926
14.396110534667969
5.44297456741333
16.258663177490234
2.3023602962493896
6.205986976623535
7.605509281158447
14.394813537597656
5.442619800567627
16.25773811340332
2.30025315284729
6.207683563232422
7.606301784515381
14.393538475036621
5.4422712326049805
16.25682830810547
2.2981810569763184
6.209352016448975
7.607081413269043
14.392284393310547
5.441928386688232
16.25593376159668
2.2961435317993164
6.210992813110352
7.607847690582275
14.391051292419434
5.441591262817383
16.255054473876953
2.294139862060547
6.212605953216553
7.6086015701293945
14.389838218688965
5.441259860992432
16.25419044494629
2.2921695709228516
6.2141923904418945
7.609342575073242
14.388646125793457
5.440933704376221
16.253339767456055
2.2902321815490723
6.215752601623535
7.610071182250977
14.387473106384277
5.44061279296875
16.252504348754883
2.2883269786834717
6.217286586761475
7.610787868499756
14.386320114135742
5.440297603607178
16.25168228149414
2.2864537239074707
6.218794822692871
7.61149263381958
14.385186195373535
5.439987659454346
16.250873565673828
2.284611463546753
6.220278263092041
7.612185478210449
14.384071350097656
5.439682960510254
16.250078201293945
2.2827999591827393
6.221736907958984
7.6128668785095215
14.382974624633789
5.439383029937744
16.249296188354492
2.2810187339782715
6.223171234130859
7.613536834716797
14.381896018981934
5.439088344573975
16.24852752685547
2.2792670726776123
6.224581718444824
7.614195823669434
14.38083553314209
5.438798427581787
16.247772216796875
2.2775447368621826
6.225968837738037
7.614843845367432
14.379793167114258
5.438513278961182
16.247028350830078
2.275851011276245
6.227332592010498
7.615480899810791
14.378767967224121
5.438232898712158
16.24629783630371
2.2741856575012207
6.228673458099365
7.61610746383667
14.37775993347168
5.437957286834717
16.24557876586914
2.272547960281372
6.229991912841797
7.616723537445068
14.376769065856934
5.437686443328857
16.244873046875
2.27093768119812
6.231288433074951
7.617329120635986
14.375794410705566
5.437419891357422
16.244178771972656
2.2693541049957275
6.232563495635986
7.617924690246582
14.374835968017578
5.43715763092041
16.24349594116211
2.2677969932556152
6.2338175773620605
7.6185102462768555
14.373893737792969
5.436899662017822
16.24282455444336
2.266265869140625
6.235050678253174
7.619086265563965
14.372966766357422
5.436645984649658
16.242164611816406
2.2647602558135986
6.236263275146484
7.61965274810791
14.372055053710938
5.436396598815918
16.241514205932617
2.263279676437378
6.237455368041992
7.620209693908691
14.371158599853516
5.436151504516602
16.240875244140625
2.2618236541748047
6.238627910614014
7.620757579803467
14.370277404785156
5.435910701751709
16.24024772644043
2.2603919506073
6.239780902862549
7.621295928955078
14.369410514831543
5.435673713684082
16.2396297454834
2.258984088897705
6.240914344787598
7.621825695037842
14.368558883666992
5.435440540313721
16.239023208618164
2.2575998306274414
6.242029190063477
7.6223464012146
14.367720603942871
5.435211181640625
16.238426208496094
2.2562384605407715
6.2431254386901855
7.62285852432251
14.366896629333496
5.434985637664795
16.237838745117188
2.2548999786376953
6.244203090667725
7.623362064361572
14.36608600616455
5.4347639083862305
16.237260818481445
2.2535836696624756
6.24526309967041
7.623857021331787
14.365289688110352
5.434545993804932
16.236692428588867
2.252289295196533
6.246305465698242
7.6243438720703125
14.364506721496582
5.434331893920898
16.236133575439453
2.251016616821289
6.247330188751221
7.624822616577148
14.363736152648926
5.434121131896973
16.235584259033203
2.249765157699585
6.248337745666504
7.625293254852295
14.3629789352417
5.4339141845703125
16.235044479370117
2.2485344409942627
6.24932861328125
7.62575626373291
14.362234115600586
5.43371057510376
16.234514236450195
2.247324228286743
6.250303268432617
7.626211643218994
14.361501693725586
5.4335103034973145
16.233991622924805
2.2461342811584473
6.251261234283447
7.626659393310547
14.3607816696167
5.433313369750977
16.233478546142578
2.244964122772217
6.252203464508057
7.627099514007568
14.36007308959961
5.433119773864746
16.232973098754883
2.2438135147094727
6.253129959106445
7.627532482147217
14.359376907348633
5.432929515838623
16.23247718811035
2.2426819801330566
6.2540411949157715
7.627958297729492
14.358692169189453
5.432742118835449
16.23198890686035
2.2415692806243896
6.254937171936035
7.6283769607543945
14.35801887512207
5.432558059692383
16.231508255004883
2.2404751777648926
6.2558183670043945
7.628788471221924
14.357357025146484
5.432376861572266
16.231037139892578
2.2393994331359863
6.25668478012085
7.629193305969238
14.356705665588379
5.432199001312256
16.230573654174805
2.2383415699005127
6.2575364112854
7.629591464996338
14.35606575012207
5.432024002075195
16.230117797851562
2.2373013496398926
6.258374214172363
7.629982948303223
14.355436325073242
5.431851863861084
16.22966957092285
2.2362782955169678
6.25919771194458
7.630367755889893
14.354817390441895
5.431682586669922
16.229228973388672
2.2352724075317383
6.260007858276367
7.630746364593506
14.354208946228027
5.431516170501709
16.22879409790039
2.234283208847046
6.260804176330566
7.631118297576904
14.353610038757324
5.431352615356445
16.22836685180664
2.2333104610443115
6.261587142944336
7.631484031677246
14.353021621704102
5.431191444396973
16.227947235107422
2.232353925704956
6.262357234954834
7.6318440437316895
14.352442741394043
5.431033134460449
16.227535247802734
2.2314133644104004
6.2631144523620605
7.632197856903076
14.351873397827148
5.430877685546875
16.227128982543945
2.2304885387420654
6.263859272003174
7.6325459480285645
14.351313591003418
5.430724620819092
16.226730346679688
2.229579210281372
6.264591693878174
7.632887840270996
14.350763320922852
5.4305739402771
16.226337432861328
2.228684902191162
6.2653117179870605
7.633224010467529
14.350221633911133
5.430426120758057
16.2259521484375
2.2278056144714355
6.266019821166992
7.633554935455322
14.349689483642578
5.430280685424805
16.22557258605957
2.226940870285034
6.266716003417969
7.633880138397217
14.349165916442871
5.430137634277344
16.22519874572754
2.226090669631958
6.267400741577148
7.634200096130371
14.348650932312012
5.429996967315674
16.22483253479004
2.225254535675049
6.268074035644531
7.634514808654785
14.34814453125
5.429858684539795
16.224472045898438
2.2244324684143066
6.268735885620117
7.634824275970459
14.347646713256836
5.429722785949707
16.224117279052734
2.2236239910125732
6.2693867683410645
7.635128498077393
14.34715747833252
5.429588794708252
16.22376823425293
2.2228291034698486
6.270026683807373
7.635427474975586
14.346675872802734
5.429457187652588
16.223424911499023
2.2220473289489746
6.270656108856201
7.635721683502197
14.346202850341797
5.429327964782715
16.223087310791016
2.221278667449951
6.271275043487549
7.636010646820068
14.34573745727539
5.429200649261475
16.222755432128906
2.220522880554199
6.271883487701416
7.636294841766357
14.345279693603516
5.429075717926025
16.222429275512695
2.2197794914245605
6.272481918334961
7.6365742683410645
14.344829559326172
5.428952693939209
16.222108840942383
2.219048500061035
6.273070335388184
7.636849403381348
14.34438705444336
5.428831577301025
16.22179412841797
2.218329668045044
6.273649215698242
7.637119770050049
14.343952178955078
5.428712844848633
16.22148323059082
2.217622995376587
6.2742180824279785
7.637385845184326
14.343523979187012
5.428596019744873
16.22117805480957
2.216928005218506
6.274777889251709
7.6376471519470215
14.343103408813477
5.428481101989746
16.22087860107422
2.216244697570801
6.275328159332275
7.637904167175293
14.342689514160156
5.428368091583252
16.220582962036133
2.2155725955963135
6.275869369506836
7.638156890869141
14.34228229522705
5.428256988525391
16.220293045043945
2.214911699295044
6.276401519775391
7.6384053230285645
14.341882705688477
5.428147792816162
16.220008850097656
2.214262008666992
6.2769246101379395
7.638649940490723
14.341489791870117
5.428040027618408
16.219728469848633
2.213623046875
6.277439117431641
7.638890266418457
14.341102600097656
5.427934169769287
16.219451904296875
2.2129948139190674
6.277945041656494
7.639126777648926
14.34072208404541
5.427830219268799
16.219181060791016
2.2123770713806152
6.2784423828125
7.639358997344971
14.340348243713379
5.427728176116943
16.218914031982422
2.2117695808410645
6.278931617736816
7.63958740234375
14.339980125427246
5.4276275634765625
16.218652725219727
2.211172103881836
6.279412746429443
7.639811992645264
14.339618682861328
5.4275288581848145
16.218395233154297
2.2105846405029297
6.279885768890381
7.640032768249512
14.339262962341309
5.427431583404541
16.218141555786133
2.2100069522857666
6.280350685119629
7.640250205993652
14.338912963867188
5.427335739135742
16.217891693115234
2.2094388008117676
6.280807971954346
7.640463829040527
14.338568687438965
5.427241802215576
16.217647552490234
2.2088801860809326
6.281257629394531
7.640674114227295
14.33823013305664
5.427149295806885
16.2174072265625
2.2083308696746826
6.281700134277344
7.640880584716797
14.337897300720215
5.427058219909668
16.21717071533203
2.2077908515930176
6.282135009765625
7.641083717346191
14.337570190429688
5.426969051361084
16.216938018798828
2.2072596549987793
6.282562732696533
7.6412835121154785
14.337248802185059
5.426881313323975
16.21670913696289
2.206737518310547
6.282983303070068
7.641479969024658
14.336933135986328
5.42679500579834
16.21648406982422
2.206223964691162
6.2833967208862305
7.6416730880737305
14.33662223815918
5.42671012878418
16.216262817382812
2.205718994140625
6.283803462982178
7.641862869262695
14.336316108703613
5.426626682281494
16.216045379638672
2.2052223682403564
6.28420352935791
7.642049789428711
14.336015701293945
5.426544666290283
16.215831756591797
2.2047340869903564
6.284596920013428
7.642233371734619
14.33572006225586
5.426464080810547
16.215621948242188
2.204253911972046
6.2849836349487305
7.642414093017578
14.335429191589355
5.426384449005127
16.21541404724121
2.203781843185425
6.285363674163818
7.64259147644043
14.335143089294434
5.426306247711182
16.2152099609375
2.203317642211914
6.28573751449585
7.642765998840332
14.334861755371094
5.426229476928711
16.215009689331055
2.2028610706329346
6.286105155944824
7.642937660217285
14.334585189819336
5.426154136657715
16.214813232421875
2.2024121284484863
6.286466598510742
7.643106460571289
14.33431339263916
5.426079750061035
16.214618682861328
2.2019705772399902
6.2868218421936035
7.643272399902344
14.334046363830566
5.42600679397583
16.214427947998047
2.2015364170074463
6.287171363830566
7.643435478210449
14.333783149719238
5.425934791564941
16.21424102783203
2.2011096477508545
6.287515163421631
7.643596172332764
14.333524703979492
5.425864219665527
16.21405601501465
2.2006897926330566
6.287853240966797
7.643754005432129
14.333271026611328
5.42579460144043
16.21387481689453
2.200277090072632
6.2881855964660645
7.643909454345703
14.33302116394043
5.425726413726807
16.21369743347168
2.199871301651001
6.288512229919434
7.644062042236328
14.332775115966797
5.4256591796875
16.21352195739746
2.199472188949585
6.2888336181640625
7.644212245941162
14.332533836364746
5.42559289932251
16.213350296020508
2.199079751968384
6.289149761199951
7.644360065460205
14.332296371459961
5.425528049468994
16.213180541992188
2.1986937522888184
6.2894606590271
7.644505023956299
14.332062721252441
5.425464153289795
16.213014602661133
2.1983141899108887
6.289766311645508
7.644647598266602
14.331832885742188
5.425401210784912
16.21285057067871
2.1979410648345947
6.290066719055176
7.644787788391113
14.3316068649292
5.425339221954346
16.212690353393555
2.1975741386413574
6.290362358093262
7.644925594329834
14.331384658813477
5.425278663635254
16.21253204345703
2.1972134113311768
6.290652751922607
7.645061492919922
14.33116626739502
5.4252190589904785
16.21237564086914
2.1968586444854736
6.290938377380371
7.645195007324219
14.330951690673828
5.4251604080200195
16.212223052978516
2.196509838104248
6.291219234466553
7.645326137542725
14.330740928649902
5.425102710723877
16.212072372436523
2.196166753768921
6.291495323181152
7.645455360412598
14.330533027648926
5.425045967102051
16.211923599243164
2.195829391479492
6.291767120361328
7.64558219909668
14.330328941345215
5.424990177154541
16.21177864074707
2.195497751235962
6.292034149169922
7.645707130432129
14.330127716064453
5.424935340881348
16.21163558959961
2.195171594619751
6.292296886444092
7.645829677581787
14.329930305480957
5.424881458282471
16.21149444580078
2.1948509216308594
6.292555332183838
7.6459503173828125
14.32973575592041
5.42482852935791
16.211355209350586
2.194535493850708
6.29280948638916
7.646069049835205
14.329545021057129
5.424776554107666
16.211219787597656
2.194225311279297
6.293059349060059
7.646185874938965
14.329357147216797
5.42472505569458
16.21108627319336
2.193920373916626
6.293304920196533
7.646300792694092
14.329172134399414
5.4246745109558105
16.210954666137695
2.193620443344116
6.293546199798584
7.646413803100586
14.328990936279297
5.424624919891357
16.210824966430664
2.1933255195617676
6.293783664703369
7.646524906158447
14.328812599182129
5.424576282501221
16.210697174072266
2.19303560256958
6.294017314910889
7.646634101867676
14.32863712310791
5.424528121948242
16.2105712890625
2.1927504539489746
6.294247150421143
7.6467413902282715
14.32846450805664
5.42448091506958
16.210447311401367
2.192470073699951
6.294473171234131
7.646846771240234
14.32829475402832
5.424434661865234
16.2103271484375
2.1921942234039307
6.2946953773498535
7.646950721740723
14.32812786102295
5.424388885498047
16.210208892822266
2.191923141479492
6.2949137687683105
7.647052764892578
14.327963829040527
5.424344062805176
16.210092544555664
2.1916565895080566
6.295128345489502
7.647152900695801
14.327802658081055
5.424299716949463
16.209978103637695
2.191394329071045
6.295339584350586
7.647251605987549
14.327644348144531
5.424256324768066
16.20986557006836
2.191136598587036
6.295547008514404
7.647348403930664
14.32748794555664
5.424213886260986
16.209754943847656
2.190883159637451
6.295751094818115
7.647443771362305
14.3273344039917
5.4241719245910645
16.209646224975586
2.190633773803711
6.295951843261719
7.647537708282471
14.327183723449707
5.424130439758301
16.20953941345215
2.1903886795043945
6.296149253845215
7.647629737854004
14.327034950256348
5.4240899085998535
16.209434509277344
2.190147638320923
6.2963433265686035
7.6477203369140625
14.326889038085938
5.4240498542785645
16.20932960510254
2.189910650253296
6.296534061431885
7.6478095054626465
14.326745986938477
5.424010753631592
16.209226608276367
2.1896774768829346
6.296721935272217
7.647897243499756
14.326604843139648
5.423972129821777
16.209125518798828
2.189448356628418
6.296906471252441
7.647983551025391
14.32646656036377
5.423933982849121
16.209026336669922
2.189223051071167
6.297088146209717
7.648068428039551
14.326330184936523
5.423896789550781
16.20892906188965
2.1890013217926025
6.297266483306885
7.648151874542236
14.32619571685791
5.4238600730896
16.208833694458008
2.1887834072113037
6.2974419593811035
7.648233890533447
14.326064109802246
5.423823833465576
16.208740234375
2.1885690689086914
6.297614574432373
7.648314476013184
14.325934410095215
5.423823833465576
16.208740234375
2.1883583068847656
6.297784328460693
7.648393630981445
14.325806617736816
5.423823833465576
16.208740234375
2.1881511211395264
6.2979512214660645
7.648471355438232
14.32568073272705
5.423823833465576
16.208740234375
2.1879472732543945
6.298115253448486
7.648548126220703
14.325557708740234
5.423823833465576
16.208740234375
2.187747001647949
6.298276424407959
7.648623466491699
14.32543659210205
5.423823833465576
16.208740234375
2.1875500679016113
6.298435211181641
7.648697376251221
14.3253173828125
5.423823833465576
16.208740234375
2.1873562335968018
6.298591136932373
7.648770332336426
14.325200080871582
5.423823833465576
16.208740234375
2.1871657371520996
6.2987446784973145
7.648841857910156
14.325084686279297
5.423823833465576
16.208740234375
2.186978340148926
6.298895359039307
7.64891242980957
14.324971199035645
5.423823833465576
16.208740234375
2.1867940425872803
6.299043655395508
7.64898157119751
14.324859619140625
5.423823833465576
16.208740234375
2.186612844467163
6.299189567565918
7.649049758911133
14.324749946594238
5.423823833465576
16.208740234375
2.186434745788574
6.299333095550537
7.6491169929504395
14.324642181396484
5.423823833465576
16.208740234375
2.1862595081329346
6.299474239349365
7.6491827964782715
14.324536323547363
5.423823833465576
16.208740234375
2.1860873699188232
6.299612998962402
7.649247646331787
14.324432373046875
5.423823833465576
16.208740234375
2.185918092727661
6.299749374389648
7.649311542510986
14.32433032989502
5.423823833465576
16.208740234375
2.185751438140869
6.2998833656311035
7.649374008178711
14.32422924041748
5.423823833465576
16.208740234375
2.1855876445770264
6.300015449523926
7.649435520172119
14.324130058288574
5.423823833465576
16.208740234375
2.185426712036133
6.300145149230957
7.649496078491211
14.3240327835083
5.423823833465576
16.208740234375
2.1852684020996094
6.300272464752197
7.649555683135986
14.323936462402344
5.423823833465576
16.208740234375
2.185112714767456
6.300397872924805
7.649614334106445
14.32384204864502
5.423823833465576
16.208740234375
2.184959650039673
6.300521373748779
7.649672031402588
14.323749542236328
5.423823833465576
16.208740234375
2.1848089694976807
6.300642490386963
7.649728775024414
14.323657989501953
5.423823833465576
16.208740234375
2.1846609115600586
6.300761699676514
7.649784564971924
14.323568344116211
5.423823833465576
16.208740234375
2.1845152378082275
6.300879001617432
7.649839401245117
14.323480606079102
5.423823833465576
16.208740234375
2.1843721866607666
6.300994396209717
7.649893283843994
14.323393821716309
5.423823833465576
16.208740234375
2.1842315196990967
6.301107883453369
7.649893283843994
14.323393821716309
5.423823833465576
16.208740234375
2.1840929985046387
6.301219463348389
7.649893283843994
14.323393821716309
5.423823833465576
16.208740234375
2.1839568614959717
6.301329135894775
7.649893283843994
14.323393821716309
5.423823833465576
16.208740234375
2.1838231086730957
6.301436901092529
7.649893283843994
14.323393821716309
5.423823833465576
16.208740234375
2.1836915016174316
6.30154275894165
7.649893283843994
14.323393821716309
5.423823833465576
16.208740234375
2.1835620403289795
6.301647186279297
7.649893283843994
14.323393821716309
5.423823833465576
16.208740234375
2.1834347248077393
6.3017497062683105
7.649893283843994
14.323393821716309
5.423823833465576
16.208740234375
2.183309555053711
6.301850318908691
7.649893283843994
14.323393821716309
5.423823833465576
16.208740234375
2.1831865310668945
6.301949501037598
7.649893283843994
14.323393821716309
5.423823833465576
16.208740234375
2.183065414428711
6.302046775817871
7.649893283843994
14.323393821716309
5.423823833465576
16.208740234375
2.1829464435577393
6.30214262008667
7.649893283843994
14.323393821716309
5.423823833465576
16.208740234375
2.1828293800354004
6.302237033843994
7.649893283843994
14.323393821716309
5.423823833465576
16.208740234375
2.1827142238616943
6.3023295402526855
7.649893283843994
14.323393821716309
5.423823833465576
16.208740234375
2.182600975036621
6.302420616149902
7.649893283843994
14.323393821716309
5.423823833465576
16.208740234375
2.1824896335601807
6.3025102615356445
7.649893283843994
14.323393821716309
5.423823833465576
16.208740234375
2.182380199432373
6.302598476409912
7.649893283843994
14.323393821716309
5.423823833465576
16.208740234375
2.1822726726531982
6.302685260772705
7.649893283843994
14.323393821716309
5.423823833465576
16.208740234375
2.182166814804077
6.302770614624023
7.649893283843994
14.323393821716309
5.423823833465576
16.208740234375
2.182062864303589
6.302854537963867
7.649893283843994
14.323393821716309
5.423823833465576
16.208740234375
2.1819605827331543
6.302937030792236
7.649893283843994
14.323393821716309
5.423823833465576
16.208740234375
2.1818599700927734
6.303018093109131
7.649893283843994
14.323393821716309
5.423823833465576
16.208740234375
2.1817610263824463
6.303097724914551
7.649893283843994
14.323393821716309
5.423823833465576
16.208740234375
2.181663751602173
6.303175926208496
7.649893283843994
14.323393821716309
5.423823833465576
16.208740234375
2.181568145751953
6.303253173828125
7.649893283843994
14.323393821716309
5.423823833465576
16.208740234375
2.181474208831787
6.303328990936279
7.649893283843994
14.323393821716309
5.423823833465576
16.208740234375
2.1813817024230957
6.303403377532959
7.649893283843994
14.323393821716309
5.423823833465576
16.208740234375
2.181290864944458
6.303476810455322
7.649893283843994
14.323393821716309
5.423823833465576
16.208740234375
2.181201457977295
6.303548812866211
7.649893283843994
14.323393821716309
5.423823833465576
16.208740234375
2.1811134815216064
6.303619384765625
7.649893283843994
14.323393821716309
5.423823833465576
16.208740234375
2.1810269355773926
6.303689002990723
7.649893283843994
14.323393821716309
5.423823833465576
16.208740234375
2.1809418201446533
6.303757667541504
7.649893283843994
14.323393821716309
5.423823833465576
16.208740234375
2.1808581352233887
6.3038249015808105
7.649893283843994
14.323393821716309
5.423823833465576
16.208740234375
2.1807758808135986
6.303891181945801
7.649893283843994
14.323393821716309
5.423823833465576
16.208740234375
2.180695056915283
6.303956508636475
7.649893283843994
14.323393821716309
5.423823833465576
16.208740234375
2.1806156635284424
6.304020404815674
7.649893283843994
14.323393821716309
5.423823833465576
16.208740234375
