6.207944393157959
2.421745538711548
1.9855371713638306
4.7731099128723145
5.4657464027404785
6.568697452545166
6.207944393157959
2.421745538711548
1.049155831336975
6.540364742279053
5.4657464027404785
6.568697452545166
6.207944393157959
2.421745538711548
1.4381533861160278
7.731090545654297
5.4657464027404785
6.568697452545166
6.207944393157959
2.421745538711548
1.890867829322815
8.868352890014648
5.4657464027404785
6.568697452545166
6.207944393157959
2.421745538711548
2.3360371589660645
9.986660957336426
5.4657464027404785
6.568697452545166
6.207944393157959
2.421745538711548
2.773786783218384
11.08633041381836
5.4657464027404785
6.568697452545166
6.207944393157959
2.421745538711548
3.2042407989501953
12.167672157287598
5.4657464027404785
6.568697452545166
6.207944393157959
2.421745538711548
3.6275205612182617
13.23099136352539
5.4657464027404785
6.568697452545166
6.207944393157959
2.421745538711548
4.043745517730713
14.276589393615723
5.4657464027404785
6.568697452545166
6.207944393157959
2.421745538711548
4.453033447265625
15.304759979248047
5.4657464027404785
6.568697452545166
6.207944393157959
2.421745538711548
4.855499744415283
16.315793991088867
5.4657464027404785
6.568697452545166
6.207944393157959
2.421745538711548
5.251258373260498
17.309978485107422
5.4657464027404785
6.568697452545166
6.207944393157959
2.421745538711548
5.640420913696289
18.287593841552734
5.4657464027404785
6.568697452545166
6.207944393157959
2.421745538711548
5.990610599517822
18.873666763305664
5.4657464027404785
6.568697452545166
6.207944393157959
2.421745538711548
6.241004943847656
18.401018142700195
5.4657464027404785
6.568697452545166
6.207944393157959
2.421745538711548
6.487226486206055
17.936246871948242
5.4657464027404785
6.568697452545166
6.207944393157959
2.421745538711548
6.729343891143799
17.47922134399414
5.4657464027404785
6.568697452545166
6.207944393157959
2.421745538711548
6.967426300048828
17.02981185913086
5.4657464027404785
6.568697452545166
6.207944393157959
2.421745538711548
7.201540470123291
16.587892532348633
5.4657464027404785
6.568697452545166
6.207944393157959
2.421745538711548
7.431752681732178
16.153339385986328
5.4657464027404785
6.568697452545166
6.207944393157959
2.421745538711548
7.658128261566162
15.726028442382812
5.4657464027404785
6.568697452545166
6.207944393157959
2.421745538711548
7.880731105804443
15.305839538574219
5.4657464027404785
6.568697452545166
6.207944393157959
2.421745538711548
8.099623680114746
14.892653465270996
5.4657464027404785
6.568697452545166
6.207944393157959
2.421745538711548
8.314867973327637
14.486353874206543
5.4657464027404785
6.568697452545166
6.207944393157959
2.421745538711548
8.526524543762207
14.08682632446289
5.4657464027404785
6.568697452545166
6.207944393157959
2.421745538711548
8.73465347290039
13.693957328796387
5.4657464027404785
6.568697452545166
6.207944393157959
2.421745538711548
8.939313888549805
13.307636260986328
5.4657464027404785
6.568697452545166
6.207944393157959
2.421745538711548
8.927374839782715
13.013343811035156
5.4657464027404785
6.568697452545166
6.207944393157959
2.421745538711548
8.8284273147583
12.764739036560059
5.4657464027404785
6.568697452545166
6.207944393157959
2.421745538711548
8.731128692626953
12.52027702331543
5.4657464027404785
6.568697452545166
6.207944393157959
2.421745538711548
8.635451316833496
12.279890060424805
5.4657464027404785
6.568697452545166
6.207944393157959
2.421745538711548
8.541369438171387
12.043509483337402
5.4657464027404785
6.568697452545166
6.207944393157959
2.421745538711548
8.44885540008545
11.811068534851074
5.4657464027404785
6.568697452545166
6.207944393157959
2.421745538711548
8.35788345336914
11.582501411437988
5.4657464027404785
6.568697452545166
6.207944393157959
2.421745538711548
8.268426895141602
11.357743263244629
5.4657464027404785
6.568697452545166
6.207944393157959
2.421745538711548
8.180461883544922
11.136731147766113
5.4657464027404785
6.568697452545166
6.207944393157959
2.421745538711548
8.093962669372559
10.919403076171875
5.4657464027404785
6.568697452545166
6.207944393157959
2.421745538711548
8.008905410766602
10.705697059631348
5.4657464027404785
6.568697452545166
6.207944393157959
2.421745538711548
7.925265312194824
10.495553016662598
5.4657464027404785
6.568697452545166
6.207944393157959
2.421745538711548
7.843019485473633
10.288910865783691
5.4657464027404785
6.568697452545166
6.207944393157959
2.421745538711548
7.762144565582275
10.085712432861328
5.4657464027404785
6.568697452545166
6.207944393157959
2.421745538711548
7.6826171875
9.88590145111084
5.4657464027404785
6.568697452545166
6.207944393157959
2.421745538711548
7.604415416717529
9.689420700073242
5.4657464027404785
6.568697452545166
6.207944393157959
2.421745538711548
7.527516841888428
9.496213912963867
5.4657464027404785
6.568697452545166
6.207944393157959
2.421745538711548
7.451900005340576
9.306227684020996
5.4657464027404785
6.568697452545166
6.207944393157959
2.421745538711548
7.3775434494018555
9.119407653808594
5.4657464027404785
6.568697452545166
6.207944393157959
2.421745538711548
7.304426193237305
8.935701370239258
5.4657464027404785
6.568697452545166
6.207944393157959
2.421745538711548
7.232527732849121
8.755056381225586
5.4657464027404785
6.568697452545166
6.207944393157959
2.421745538711548
7.161827564239502
8.577422142028809
5.4657464027404785
6.568697452545166
6.207944393157959
2.421745538711548
7.092305660247803
8.402749061584473
5.4657464027404785
6.568697452545166
6.207944393157959
2.421745538711548
7.023942470550537
8.230986595153809
5.4657464027404785
6.568697452545166
6.207944393157959
2.421745538711548
6.956718444824219
8.062087059020996
5.4657464027404785
6.568697452545166
6.207944393157959
2.421745538711548
6.912669658660889
7.9210309982299805
5.443691730499268
6.543668746948242
6.207944393157959
2.421745538711548
6.9259934425354
7.849030017852783
5.365365982055664
6.452353477478027
6.207944393157959
2.421745538711548
6.9390950202941895
7.778228759765625
5.288345813751221
6.362560272216797
6.207944393157959
2.421745538711548
6.95197868347168
7.7086076736450195
5.21260929107666
6.274263381958008
6.207944393157959
2.421745538711548
6.96464729309082
7.6401472091674805
5.138134956359863
6.187438488006592
6.207944393157959
2.421745538711548
6.977104663848877
7.572827339172363
5.064901828765869
6.102060317993164
6.207944393157959
2.421745538711548
6.989354610443115
7.506629467010498
4.992889404296875
6.0181050300598145
6.207944393157959
2.421745538711548
7.001400470733643
7.441534996032715
4.922077178955078
5.935549259185791
6.207944393157959
2.421745538711548
7.013245582580566
7.377525329589844
4.852445125579834
5.854369163513184
6.207944393157959
2.421745538711548
7.024893283843994
7.314582824707031
4.783973693847656
5.774542331695557
6.207944393157959
2.421745538711548
7.036346912384033
7.252689361572266
4.716643333435059
5.696045875549316
6.207944393157959
2.421745538711548
7.047609329223633
7.191827297210693
4.650435447692871
5.6188578605651855
6.207944393157959
2.421745538711548
7.058684349060059
7.131979465484619
4.585330963134766
5.542956352233887
6.207944393157959
2.421745538711548
7.06957483291626
7.073129177093506
4.521311283111572
5.468319892883301
6.207944393157959
2.421745538711548
7.0802836418151855
7.015259742736816
4.4583587646484375
5.394927024841309
6.207944393157959
2.421745538711548
7.090814113616943
6.958354949951172
4.39645528793335
5.322757720947266
6.207944393157959
2.421745538711548
7.101169109344482
6.902398586273193
4.335583686828613
5.251791000366211
6.207944393157959
2.421745538711548
7.111351490020752
6.84737491607666
4.275726795196533
5.182007312774658
6.207944393157959
2.421745538711548
7.121364116668701
6.793268203735352
4.216867446899414
5.113386631011963
6.207944393157959
2.421745538711548
7.131209850311279
6.740063190460205
4.158988952636719
5.045909404754639
6.207944393157959
2.421745538711548
7.1408915519714355
6.687745094299316
4.102075099945068
4.979557037353516
6.207944393157959
2.421745538711548
7.150411605834961
6.636298656463623
4.046109676361084
4.914310455322266
6.207944393157959
2.421745538711548
7.159773349761963
6.585709571838379
3.991077184677124
4.850151062011719
6.207944393157959
2.421745538711548
7.168978691101074
6.535964012145996
3.9369618892669678
4.7870612144470215
6.207944393157959
2.421745538711548
7.178030967712402
6.48704719543457
3.8837485313415527
4.725022792816162
6.207944393157959
2.421745538711548
7.18693208694458
6.438945770263672
3.8314220905303955
4.664018154144287
6.207944393157959
2.421745538711548
7.195684909820557
6.391645908355713
3.7799675464630127
4.604030609130859
6.207944393157959
2.421745538711548
7.204291820526123
6.345134735107422
3.729370594024658
4.545042514801025
6.207944393157959
2.421745538711548
7.21275520324707
6.299398422241211
3.679616928100586
4.487037658691406
6.207944393157959
2.421745538711548
7.2210774421691895
6.254424571990967
3.630692481994629
4.429999828338623
6.207944393157959
2.421745538711548
7.22926139831543
6.210200309753418
3.582583427429199
4.373912334442139
6.207944393157959
2.421745538711548
7.237308979034424
6.166713237762451
3.535276174545288
4.318759918212891
6.207944393157959
2.421745538711548
7.245222091674805
6.123950958251953
3.488757371902466
4.2645263671875
6.207944393157959
2.421745538711548
7.2530035972595215
6.0819010734558105
3.443013906478882
4.2111968994140625
6.207944393157959
2.421745538711548
7.260655403137207
6.040552139282227
3.3980329036712646
4.158756256103516
6.207944393157959
2.421745538711548
7.268179416656494
5.999892234802246
3.3538014888763428
4.107189655303955
6.207944393157959
2.421745538711548
7.275578022003174
5.959909915924072
3.310307264328003
4.056482315063477
6.207944393157959
2.421745538711548
7.282853603363037
5.920594215393066
3.267538070678711
4.006620407104492
6.207944393157959
2.421745538711548
7.290007591247559
5.881933689117432
3.2254817485809326
3.9575893878936768
6.207944393157959
2.421745538711548
7.297042369842529
5.843917369842529
3.184126377105713
3.9093754291534424
6.207944393157959
2.421745538711548
7.303959846496582
5.806534767150879
3.143460273742676
3.8619651794433594
6.207944393157959
2.421745538711548
7.310762405395508
5.769775390625
3.1034717559814453
3.815345048904419
6.207944393157959
2.421745538711548
7.317451477050781
5.733628749847412
3.064149856567383
3.7695019245147705
6.207944393157959
2.421745538711548
7.324028968811035
5.698084354400635
3.0254833698272705
3.7244229316711426
6.207944393157959
2.421745538711548
7.330496788024902
5.663132190704346
2.9874613285064697
3.6800951957702637
6.207944393157959
2.421745538711548
7.336856842041016
5.628762722015381
2.950072765350342
3.6365060806274414
6.207944393157959
2.421745538711548
7.343111038208008
5.594965934753418
2.9133074283599854
3.5936436653137207
6.207944393157959
2.421745538711548
7.3492608070373535
5.561732769012451
2.87715482711792
3.5514955520629883
6.207944393157959
2.421745538711548
7.3553080558776855
5.529053211212158
2.841604709625244
3.510049819946289
6.207944393157959
2.421745538711548
7.361254692077637
5.496918201446533
2.806647300720215
3.469295024871826
6.207944393157959
2.421745538711548
7.367102146148682
5.4653191566467285
2.7722723484039307
3.4292192459106445
6.207944393157959
2.421745538711548
7.372852325439453
5.43424654006958
2.7384703159332275
3.3898115158081055
6.207944393157959
2.421745538711548
7.378506660461426
5.40369176864624
2.7052316665649414
3.351060628890991
6.207944393157959
2.421745538711548
7.384066581726074
5.373646259307861
2.6725471019744873
3.312955617904663
6.207944393157959
2.421745538711548
7.389533996582031
5.344101428985596
2.640407085418701
3.2754855155944824
6.207944393157959
2.421745538711548
7.3949103355407715
5.315049171447754
2.6088027954101562
3.238640069961548
6.207944393157959
2.421745538711548
7.4001970291137695
5.286480903625488
2.577725410461426
3.2024085521698
6.207944393157959
2.421745538711548
7.4053955078125
5.258388996124268
2.547165870666504
3.166780948638916
6.207944393157959
2.421745538711548
7.4105072021484375
5.230765342712402
2.517115592956543
3.131747245788574
6.207944393157959
2.421745538711548
7.415534019470215
5.203601837158203
2.4875662326812744
3.097297430038452
6.207944393157959
2.421745538711548
7.420476913452148
5.176891326904297
2.4585094451904297
3.0634217262268066
6.207944393157959
2.421745538711548
7.425337314605713
5.150625705718994
2.4299368858337402
3.0301105976104736
6.207944393157959
2.421745538711548
7.430116653442383
5.124797821044922
2.4018404483795166
2.997354745864868
6.207944393157959
2.421745538711548
7.434816360473633
5.099400520324707
2.3742122650146484
2.965144634246826
6.207944393157959
2.421745538711548
7.4394378662109375
5.074426651000977
2.3470447063446045
2.933471441268921
6.207944393157959
2.421745538711548
7.443982124328613
5.049869060516357
2.3203299045562744
2.9023261070251465
6.207944393157959
2.421745538711548
7.448451042175293
5.025720596313477
2.294060230255127
2.871699810028076
6.207944393157959
2.421745538711548
7.452845096588135
5.001974582672119
2.268228530883789
2.8415839672088623
6.207944393157959
2.421745538711548
7.4571661949157715
4.97862434387207
2.2428271770477295
2.8119702339172363
6.207944393157959
2.421745538711548
7.4614152908325195
4.955663204193115
2.2178492546081543
2.7828500270843506
6.207944393157959
2.421745538711548
7.465593338012695
4.933084964752197
2.1932876110076904
2.7542150020599365
6.207944393157959
2.421745538711548
7.469701766967773
4.910882949829102
2.169135332107544
2.726057291030884
6.207944393157959
2.421745538711548
7.4737420082092285
4.8890509605407715
2.145385503768921
2.698368787765503
6.207944393157959
2.421745538711548
7.477714538574219
4.86758279800415
2.1220316886901855
2.6711418628692627
6.207944393157959
2.421745538711548
7.481620788574219
4.846472263336182
2.099066972732544
2.6443686485290527
6.207944393157959
2.421745538711548
7.485462188720703
4.825713634490967
2.0764851570129395
2.618041753768921
6.207944393157959
2.421745538711548
7.489239692687988
4.805301189422607
2.0542795658111572
2.592153549194336
6.207944393157959
2.421745538711548
7.492954254150391
4.785228729248047
2.0324440002441406
2.566696882247925
6.207944393157959
2.421745538711548
7.496606826782227
4.765491008758545
2.010972499847412
2.5416646003723145
6.207944393157959
2.421745538711548
7.5001983642578125
4.746082305908203
1.989858865737915
2.5170493125915527
6.207944393157959
2.421745538711548
7.503730297088623
4.726996898651123
1.9690971374511719
2.492844343185425
6.207944393157959
2.421745538711548
7.507203102111816
4.7082295417785645
1.948681354522705
2.4690427780151367
6.207944393157959
2.421745538711548
7.510618209838867
4.689774990081787
1.9286059141159058
2.4456379413604736
6.207944393157959
2.421745538711548
7.513976097106934
4.671627998352051
1.908864974975586
2.4226231575012207
6.207944393157959
2.421745538711548
7.51727819442749
4.653783798217773
1.8894530534744263
2.399991989135742
6.207944393157959
2.421745538711548
7.5205254554748535
4.636236667633057
1.8703646659851074
2.3777379989624023
6.207944393157959
2.421745538711548
7.523718357086182
4.618982315063477
1.8515944480895996
2.3558549880981445
6.207944393157959
2.421745538711548
7.526858329772949
4.602015495300293
1.833137035369873
2.334336519241333
6.207944393157959
2.421745538711548
7.5299458503723145
4.585331439971924
1.814987301826477
2.3131768703460693
6.207944393157959
2.421745538711548
7.532981872558594
4.568925380706787
1.7971400022506714
2.292369842529297
6.207944393157959
2.421745538711548
7.5359673500061035
4.552792549133301
1.7795902490615845
2.271909475326538
6.207944393157959
2.421745538711548
7.538902759552002
4.536928653717041
1.7623329162597656
2.2517902851104736
6.207944393157959
2.421745538711548
7.541789531707764
4.521329402923584
1.7453632354736328
2.232006311416626
6.207944393157959
2.421745538711548
7.544628143310547
4.505990028381348
1.728676438331604
2.212552070617676
6.207944393157959
2.421745538711548
7.547419548034668
4.490906238555908
1.7122677564620972
2.1934220790863037
6.207944393157959
2.421745538711548
7.550164222717285
4.476073741912842
1.6961325407028198
2.1746108531951904
6.207944393157959
2.421745538711548
7.552863121032715
4.461488723754883
1.6802661418914795
2.1561131477355957
6.207944393157959
2.421745538711548
7.555517196655273
4.447146415710449
1.6646642684936523
2.1379237174987793
6.207944393157959
2.421745538711548
7.558126926422119
4.433043479919434
1.6493223905563354
2.12003755569458
6.207944393157959
2.421745538711548
7.560693264007568
4.419175624847412
1.634236216545105
2.102449417114258
6.207944393157959
2.421745538711548
7.563216686248779
4.405538558959961
1.619401454925537
2.0851545333862305
6.207944393157959
2.421745538711548
7.565698146820068
4.392128944396973
1.6048139333724976
2.068147897720337
6.207944393157959
2.421745538711548
7.568138122558594
4.378942966461182
1.5904695987701416
2.051424741744995
6.207944393157959
2.421745538711548
7.570537567138672
4.365976810455322
1.576364278793335
2.034980297088623
6.207944393157959
2.421745538711548
7.572896957397461
4.353226661682129
1.5624940395355225
2.0188097953796387
6.207944393157959
2.421745538711548
7.575217247009277
4.340688705444336
1.548854947090149
2.002908945083618
6.207944393157959
2.421745538711548
7.577498912811279
4.328360080718994
1.5354431867599487
1.9872729778289795
6.207944393157959
2.421745538711548
7.579742431640625
4.316236972808838
1.5222549438476562
1.9718976020812988
6.207944393157959
2.421745538711548
7.581948280334473
4.304315567016602
1.5092865228652954
1.9567785263061523
6.207944393157959
2.421745538711548
7.584117412567139
4.292593002319336
1.4965342283248901
1.9419114589691162
6.207944393157959
2.421745538711548
7.586250305175781
4.281065940856934
1.483994483947754
1.9272921085357666
6.207944393157959
2.421745538711548
7.588347911834717
4.269731044769287
1.4716637134552002
1.9129164218902588
6.207944393157959
2.421745538711548
7.5904107093811035
4.258584976196289
1.459538459777832
1.898780345916748
6.207944393157959
2.421745538711548
7.592438697814941
4.247624397277832
1.447615385055542
1.8848798274993896
6.207944393157959
2.421745538711548
7.594433307647705
4.236846923828125
1.435891032218933
1.871211051940918
6.207944393157959
2.421745538711548
7.5963945388793945
4.226248741149902
1.424362063407898
1.8577700853347778
6.207944393157959
2.421745538711548
7.598322868347168
4.215827465057373
1.4130252599716187
1.8445531129837036
6.207944393157959
2.421745538711548
7.600219249725342
4.20557975769043
1.4018774032592773
1.8315564393997192
6.207944393157959
2.421745538711548
7.602084159851074
4.195502758026123
1.3909152746200562
1.8187763690948486
6.207944393157959
2.421745538711548
7.603917598724365
4.185593605041504
1.3801358938217163
1.8062093257904053
6.207944393157959
2.421745538711548
7.605720520019531
4.175849914550781
1.3695361614227295
1.7938517332077026
6.207944393157959
2.421745538711548
7.6074934005737305
4.166268348693848
1.359113097190857
1.7817001342773438
6.207944393157959
2.421745538711548
7.609236717224121
4.156846523284912
1.3488637208938599
1.769750952720642
6.207944393157959
2.421745538711548
7.610950946807861
4.147581577301025
1.338785171508789
1.7580009698867798
6.207944393157959
2.421745538711548
7.612637042999268
4.1384711265563965
1.3288745880126953
1.7464468479156494
6.207944393157959
2.421745538711548
7.61429500579834
4.129512786865234
1.319129228591919
1.7350852489471436
6.207944393157959
2.421745538711548
7.615925312042236
4.12070369720459
1.3095462322235107
1.7239130735397339
6.207944393157959
2.421745538711548
7.617528438568115
4.112041473388672
1.3001229763031006
1.7129271030426025
6.207944393157959
2.421745538711548
7.619104862213135
4.1035237312316895
1.2908568382263184
1.7021242380142212
6.207944393157959
2.421745538711548
7.620655059814453
4.095147609710693
1.2817450761795044
1.6915013790130615
6.207944393157959
2.421745538711548
7.62217903137207
4.086911201477051
1.2727851867675781
1.6810555458068848
6.207944393157959
2.421745538711548
7.623677730560303
4.078812122344971
1.263974666595459
1.6707838773727417
6.207944393157959
2.421745538711548
7.625151634216309
4.070847988128662
1.2553108930587769
1.6606833934783936
6.207944393157959
2.421745538711548
7.626600742340088
4.063016414642334
1.2467916011810303
1.6507512331008911
6.207944393157959
2.421745538711548
7.628026008605957
4.0553154945373535
1.2384142875671387
1.6409845352172852
6.207944393157959
2.421745538711548
7.629427433013916
4.04774284362793
1.230176568031311
1.6313806772232056
6.207944393157959
2.421745538711548
7.630805492401123
4.04029655456543
1.222076177597046
1.6219369173049927
6.207944393157959
2.421745538711548
7.632160663604736
4.0329742431640625
1.2141107320785522
1.6126505136489868
6.207944393157959
2.421745538711548
7.633492946624756
4.025774002075195
1.2062780857086182
1.6035188436508179
6.207944393157959
2.421745538711548
7.634803295135498
4.018693923950195
1.1985759735107422
1.5945394039154053
6.207944393157959
2.421745538711548
7.636091709136963
4.0117316246032715
1.1910022497177124
1.585709571838379
6.207944393157959
2.421745538711548
7.637358665466309
4.004885673522949
1.183554768562317
1.5770269632339478
6.207944393157959
2.421745538711548
7.638604640960693
3.9981536865234375
1.1762313842773438
1.5684890747070312
6.207944393157959
2.421745538711548
7.639829635620117
3.9915337562561035
1.1690300703048706
1.5600935220718384
6.207944393157959
2.421745538711548
7.641034126281738
3.9850242137908936
1.161948800086975
1.5518378019332886
6.207944393157959
2.421745538711548
7.642218589782715
3.978623151779175
1.1549855470657349
1.54371976852417
6.207944393157959
2.421745538711548
7.643383502960205
3.9723289012908936
1.1481382846832275
1.5357370376586914
6.207944393157959
2.421745538711548
7.644528865814209
3.966139554977417
1.1414052248001099
1.5278873443603516
6.207944393157959
2.421745538711548
7.645655155181885
3.9600532054901123
1.1347843408584595
1.520168423652649
6.207944393157959
2.421745538711548
7.646762847900391
3.954068422317505
1.128273844718933
1.5125781297683716
6.207944393157959
2.421745538711548
7.647851943969727
3.948183298110962
1.121871829032898
1.5051143169403076
6.207944393157959
2.421745538711548
7.648922920227051
3.942396402359009
1.1155765056610107
1.4977749586105347
6.207944393157959
2.421745538711548
7.649975776672363
3.9367058277130127
1.1093860864639282
1.4905579090118408
6.207944393157959
2.421745538711548
7.6510114669799805
3.931110143661499
1.1032989025115967
1.4834611415863037
6.207944393157959
2.421745538711548
7.652029514312744
3.925607681274414
1.0973131656646729
1.476482629776001
6.207944393157959
2.421745538711548
7.653030872344971
3.920197010040283
1.0914270877838135
1.4696204662322998
6.207944393157959
2.421745538711548
7.65401554107666
3.9148764610290527
1.0856391191482544
1.4628726243972778
6.207944393157959
2.421745538711548
7.6549835205078125
3.909644603729248
1.0799477100372314
1.4562373161315918
6.207944393157959
2.421745538711548
7.655935764312744
3.9045000076293945
1.0743510723114014
1.4497125148773193
6.207944393157959
2.421745538711548
7.656871795654297
3.8994410037994385
1.0688477754592896
1.4432965517044067
6.207944393157959
2.421745538711548
7.657792568206787
3.8944664001464844
1.0634361505508423
1.4369875192642212
6.207944393157959
2.421745538711548
7.658697605133057
3.8895747661590576
1.058114767074585
1.4307836294174194
6.207944393157959
2.421745538711548
7.659587860107422
3.8847646713256836
1.0528820753097534
1.4246830940246582
6.207944393157959
2.421745538711548
7.660463333129883
3.8800346851348877
1.0477365255355835
1.4186842441558838
6.207944393157959
2.421745538711548
7.6613240242004395
3.8753833770751953
1.0426768064498901
1.4127854108810425
6.207944393157959
2.421745538711548
7.66217041015625
3.87080979347229
1.0377013683319092
1.406984806060791
6.207944393157959
2.421745538711548
7.6630024909973145
3.866312265396118
1.0328088998794556
1.4012808799743652
6.207944393157959
2.421745538711548
7.663820743560791
3.8618898391723633
1.0279979705810547
1.395672082901001
6.207944393157959
2.421745538711548
7.664625644683838
3.857541084289551
1.023267149925232
1.3901567459106445
6.207944393157959
2.421745538711548
7.665417194366455
3.853264808654785
1.0186152458190918
1.3847333192825317
6.207944393157959
2.421745538711548
7.666195392608643
3.849059820175171
1.0140408277511597
1.3794002532958984
6.207944393157959
2.421745538711548
7.666960716247559
3.8449249267578125
1.00954270362854
1.37415611743927
6.207944393157959
2.421745538711548
7.667713165283203
3.8408589363098145
1.00954270362854
1.3707188367843628
6.207944393157959
2.421745538711548
7.668453216552734
3.8368606567382812
1.00954270362854
1.36733877658844
6.207944393157959
2.421745538711548
7.669180870056152
3.8329291343688965
1.00954270362854
1.3640151023864746
6.207944393157959
2.421745538711548
7.669896125793457
3.8290629386901855
1.00954270362854
1.3607468605041504
6.207944393157959
2.421745538711548
7.670599460601807
3.825261354446411
1.00954270362854
1.3575330972671509
6.207944393157959
2.421745538711548
7.671291351318359
3.8215229511260986
1.00954270362854
1.3543728590011597
6.207944393157959
2.421745538711548
7.671971797943115
3.8178470134735107
1.00954270362854
1.35126531124115
6.207944393157959
2.421745538711548
7.672640800476074
3.814232349395752
1.00954270362854
1.3482095003128052
6.207944393157959
2.421745538711548
7.673298358917236
3.8106777667999268
1.00954270362854
1.3452045917510986
6.207944393157959
2.421745538711548
7.67394495010376
3.807182550430298
1.00954270362854
1.342249870300293
6.207944393157959
2.421745538711548
7.674581050872803
3.8037455081939697
1.00954270362854
1.3393443822860718
6.207944393157959
2.421745538711548
7.675206661224365
3.800365686416626
1.00954270362854
1.3364872932434082
6.207944393157959
2.421745538711548
7.675821781158447
3.7970423698425293
1.00954270362854
1.3336777687072754
6.207944393157959
2.421745538711548
7.676426410675049
3.793774366378784
1.00954270362854
1.330915093421936
6.207944393157959
2.421745538711548
7.677021026611328
3.7905609607696533
1.00954270362854
1.3281984329223633
6.207944393157959
2.421745538711548
7.677605628967285
3.787400960922241
1.00954270362854
1.3255270719528198
6.207944393157959
2.421745538711548
7.678180694580078
3.7842936515808105
1.00954270362854
1.3229002952575684
6.207944393157959
2.421745538711548
7.678746223449707
3.781238079071045
1.00954270362854
1.320317268371582
6.207944393157959
2.421745538711548
7.679302215576172
3.778233528137207
1.00954270362854
1.3177772760391235
6.207944393157959
2.421745538711548
7.679849147796631
3.7752790451049805
1.00954270362854
1.3152796030044556
6.207648754119873
2.4209067821502686
7.68068265914917
3.773212432861328
1.00954270362854
1.3128235340118408
6.207357883453369
2.4200820922851562
7.681502342224121
3.7711803913116455
1.00954270362854
1.3104084730148315
6.207071781158447
2.4192709922790527
7.682308197021484
3.7691822052001953
1.00954270362854
1.3080335855484009
6.206790447235107
2.418473482131958
7.683100700378418
3.7672171592712402
1.00954270362854
1.305698275566101
6.20651388168335
2.417689323425293
7.683879852294922
3.765285015106201
1.00954270362854
1.3034019470214844
6.206242084503174
2.4169182777404785
7.684646129608154
3.763385057449341
1.00954270362854
1.3011438846588135
6.205974578857422
2.4161601066589355
7.685399532318115
3.761516809463501
1.00954270362854
1.2989234924316406
6.205711841583252
2.415414571762085
7.686140537261963
3.7596795558929443
1.00954270362854
1.2967400550842285
6.205453395843506
2.4146814346313477
7.686869144439697
3.757873058319092
1.00954270362854
1.2945929765701294
6.205199241638184
2.4139604568481445
7.687585353851318
3.756096601486206
1.00954270362854
1.292481780052185
6.204949378967285
2.4132513999938965
7.688289642333984
3.754349708557129
1.00954270362854
1.2904057502746582
6.204703330993652
2.4125542640686035
7.6889824867248535
3.752631902694702
1.00954270362854
1.288364291191101
6.204461574554443
2.4118688106536865
7.689663410186768
3.7509427070617676
1.00954270362854
1.286356806755066
6.204224109649658
2.4111948013305664
7.690333366394043
3.749281644821167
1.00954270362854
1.2843828201293945
6.203990459442139
2.410531997680664
7.6909918785095215
3.7476484775543213
1.00954270362854
1.2824417352676392
6.203760623931885
2.4098801612854004
7.691639423370361
3.746042490005493
1.00954270362854
1.280532956123352
6.2035346031188965
2.4092392921447754
7.692276477813721
3.7444632053375244
1.00954270362854
1.278656005859375
6.203312397003174
2.408608913421631
7.692902565002441
3.742910146713257
1.00954270362854
1.2768104076385498
6.203094005584717
2.407989263534546
7.693518161773682
3.7413830757141113
1.00954270362854
1.2749955654144287
6.202878952026367
2.4073798656463623
7.6941237449646
3.7398815155029297
1.00954270362854
1.273210883140564
6.202667713165283
2.406780481338501
7.694719314575195
3.7384049892425537
1.00954270362854
1.271456003189087
6.202459812164307
2.406191110610962
7.695304870605469
3.736953020095825
1.00954270362854
1.2697303295135498
6.2022552490234375
2.405611753463745
7.69588041305542
3.735525131225586
1.00954270362854
1.268033504486084
6.202054500579834
2.4050419330596924
7.696446418762207
3.734121084213257
1.00954270362854
1.2663649320602417
6.201857089996338
2.4044816493988037
7.697003364562988
3.7327404022216797
1.00954270362854
1.2647241353988647
6.201663017272949
2.4039306640625
7.6975507736206055
3.7313828468322754
1.00954270362854
1.2631107568740845
6.20147180557251
2.4033889770507812
7.698089122772217
3.7300479412078857
1.00954270362854
1.2615242004394531
6.201283931732178
2.4028561115264893
7.698618412017822
3.7287352085113525
1.00954270362854
1.259964108467102
6.201099395751953
2.402332305908203
7.69913911819458
3.7274444103240967
1.00954270362854
1.258430004119873
6.200917720794678
2.4018170833587646
7.699650764465332
3.72617506980896
1.00954270362854
1.2569215297698975
6.200738906860352
2.401310443878174
7.7001543045043945
3.7249269485473633
1.00954270362854
1.2554380893707275
6.200563430786133
2.4008123874664307
7.700649261474609
3.7236995697021484
1.00954270362854
1.2539794445037842
6.200390815734863
2.400322675704956
7.701136112213135
3.7224926948547363
1.00954270362854
1.2525451183319092
6.200221061706543
2.399841070175171
7.701614856719971
3.7213058471679688
1.00954270362854
1.2511346340179443
6.200054168701172
2.399367332458496
7.702085494995117
3.7201387882232666
1.00954270362854
1.249747633934021
6.19989013671875
2.3989017009735107
7.702548027038574
3.718991279602051
1.00954270362854
1.2483837604522705
6.199728488922119
2.3984436988830566
7.7030029296875
3.717862844467163
1.00954270362854
1.2470426559448242
6.1995697021484375
2.397993326187134
7.7034502029418945
3.7167532444000244
1.00954270362854
1.2457239627838135
6.199413776397705
2.397550582885742
7.703890323638916
3.7156620025634766
1.00954270362854
1.24442720413208
6.199260234832764
2.3971152305603027
7.704322814941406
3.7145891189575195
1.00954270362854
1.2431520223617554
6.199109077453613
2.3966870307922363
7.704748153686523
3.713534116744995
1.00954270362854
1.2418981790542603
6.198960781097412
2.396265983581543
7.705166339874268
3.712496519088745
1.00954270362854
1.2406651973724365
6.198814868927002
2.3958518505096436
7.705577850341797
3.7114763259887695
1.00954270362854
1.2394527196884155
6.198671340942383
2.395444631576538
7.705982208251953
3.71047306060791
1.00954270362854
1.2382605075836182
6.198530197143555
2.3950443267822266
7.7063798904418945
3.709486484527588
1.00954270362854
1.2370880842208862
6.198391437530518
2.39465069770813
7.706770896911621
3.7085163593292236
1.00954270362854
1.2359352111816406
6.1982550621032715
2.394263505935669
7.707155704498291
3.7075624465942383
1.00954270362854
1.2348015308380127
6.198120594024658
2.3938827514648438
7.707533836364746
3.7066245079040527
1.00954270362854
1.2336868047714233
6.197988510131836
2.3935084342956543
7.7079057693481445
3.705702066421509
1.00954270362854
1.232590675354004
6.197858810424805
2.3931403160095215
7.708271503448486
3.7047951221466064
1.00954270362854
1.2315127849578857
6.197731018066406
2.3927783966064453
7.7086310386657715
3.7039031982421875
1.00954270362854
1.2304528951644897
6.197605609893799
2.3924224376678467
7.708984851837158
3.703026294708252
1.00954270362854
1.2294106483459473
6.197482109069824
2.3920724391937256
7.709332466125488
3.7021639347076416
1.00954270362854
1.2283858060836792
6.197360992431641
2.391728401184082
7.70967435836792
3.7013158798217773
1.00954270362854
1.227378010749817
6.19724178314209
2.391390085220337
7.710010528564453
3.700482130050659
1.00954270362854
1.2263870239257812
6.197124481201172
2.391057252883911
7.710340976715088
3.699662208557129
1.00954270362854
1.2254124879837036
6.197009086608887
2.390730142593384
7.710666179656982
3.6988558769226074
1.00954270362854
1.2244542837142944
6.196895599365234
2.3904082775115967
7.710986137390137
3.6980631351470947
1.00954270362854
1.223512053489685
6.196784019470215
2.390091896057129
7.711300373077393
3.6972835063934326
1.00954270362854
1.2225854396820068
6.196674346923828
2.3897807598114014
7.711609363555908
3.696516752243042
1.00954270362854
1.2216743230819702
6.196566581726074
2.389474868774414
7.711913585662842
3.695762872695923
1.00954270362854
1.2207783460617065
6.196460723876953
2.389173984527588
7.712212562561035
3.695021629333496
1.00954270362854
1.2198973894119263
6.196356296539307
2.388878107070923
7.712506294250488
3.6942927837371826
1.00954270362854
1.2190310955047607
6.196253776550293
2.388587236404419
7.712795257568359
3.6935760974884033
1.00954270362854
1.2181792259216309
6.196152687072754
2.388301134109497
7.713079452514648
3.692871332168579
1.00954270362854
1.2173415422439575
6.196053504943848
2.3880198001861572
7.7133588790893555
3.692178249359131
1.00954270362854
1.2165178060531616
6.195955753326416
2.3877432346343994
7.7136335372924805
3.6914966106414795
1.00954270362854
1.215707778930664
6.195859909057617
2.3874711990356445
7.713903903961182
3.690826416015625
1.00954270362854
1.2149113416671753
6.195765495300293
2.3872036933898926
7.714169502258301
3.6901674270629883
1.00954270362854
1.2141281366348267
6.195672988891602
2.3869407176971436
7.714430809020996
3.6895194053649902
1.00954270362854
1.213357925415039
6.195581912994385
2.3866820335388184
7.714687824249268
3.6888821125030518
1.00954270362854
1.212600588798523
6.195492267608643
2.386427640914917
7.714940547943115
3.688255548477173
1.00954270362854
1.2118558883666992
6.195404052734375
2.3861775398254395
7.715188980102539
3.6876394748687744
1.00954270362854
1.2111235857009888
6.195317268371582
2.3859317302703857
7.715433120727539
3.6870336532592773
1.00954270362854
1.2104034423828125
6.195231914520264
2.3856899738311768
7.715673446655273
3.6864378452301025
1.00954270362854
1.2096953392028809
6.19514799118042
2.3854522705078125
7.715909481048584
3.68585205078125
1.00954270362854
1.2089990377426147
6.195065498352051
2.385218381881714
7.716141700744629
3.6852760314941406
1.00954270362854
1.208314299583435
6.194984436035156
2.38498854637146
7.716370105743408
3.6847095489501953
1.00954270362854
1.2076410055160522
6.194904804229736
2.3847625255584717
7.716594696044922
3.684152364730835
1.00954270362854
1.2069789171218872
6.194826602935791
2.384540319442749
7.71681547164917
3.6836044788360596
1.00954270362854
1.2063279151916504
6.194749355316162
2.384321689605713
7.7170329093933105
3.683065891265869
1.00954270362854
1.2056877613067627
6.194673538208008
2.3841066360473633
7.7172465324401855
3.6825361251831055
1.00954270362854
1.205058217048645
6.194599151611328
2.3838951587677
7.717456340789795
3.6820151805877686
1.00954270362854
1.2044391632080078
6.194525718688965
2.3836872577667236
7.717662811279297
3.6815030574798584
1.00954270362854
1.2038304805755615
6.194453716278076
2.3834829330444336
7.717865943908691
3.680999517440796
1.00954270362854
1.203231930732727
6.194382667541504
2.383281946182251
7.7180657386779785
3.680504322052002
1.00954270362854
1.2026433944702148
6.194313049316406
2.383084297180176
7.718262195587158
3.6800172328948975
1.00954270362854
1.2020646333694458
6.194244384765625
2.382889986038208
7.7184553146362305
3.6795382499694824
1.00954270362854
1.2014955282211304
6.194177150726318
2.3826987743377686
7.718645095825195
3.679067373275757
1.00954270362854
1.2009358406066895
6.194110870361328
2.3825109004974365
7.718832015991211
3.6786043643951416
1.00954270362854
1.200385570526123
6.194045543670654
2.382326126098633
7.719015598297119
3.6781489849090576
1.00954270362854
1.199844479560852
6.193981647491455
2.3821444511413574
7.719196319580078
3.677701234817505
1.00954270362854
1.1993123292922974
6.193918704986572
2.3819658756256104
7.71937370300293
3.6772608757019043
1.00954270362854
1.198789119720459
6.193856716156006
2.3817901611328125
7.719548225402832
3.676827907562256
1.00954270362854
1.1982746124267578
6.193795680999756
2.381617307662964
7.719719886779785
3.6764020919799805
1.00954270362854
1.1977686882019043
6.193735599517822
2.3814473152160645
7.719888687133789
3.675983428955078
1.00954270362854
1.1972712278366089
6.193676471710205
2.3812801837921143
7.720054626464844
3.6755716800689697
1.00954270362854
1.1967819929122925
6.1936187744140625
2.3811159133911133
7.720217704772949
3.6751668453216553
1.00954270362854
1.196300983428955
6.193562030792236
2.3809542655944824
7.720378398895264
3.6747689247131348
1.00954270362854
1.1958279609680176
6.193506240844727
2.380795478820801
7.720536231994629
3.67437744140625
1.00954270362854
1.1953628063201904
6.193450927734375
2.3806393146514893
7.720691204071045
3.67399263381958
1.00954270362854
1.194905400276184
6.19339656829834
2.380485773086548
7.72084379196167
3.673614263534546
1.00954270362854
1.194455623626709
6.193343162536621
2.3803346157073975
7.720993995666504
3.6732420921325684
1.00954270362854
1.1940133571624756
6.193290710449219
2.380186080932617
7.721141338348389
3.6728761196136475
1.00954270362854
1.1935784816741943
6.193239212036133
2.380039930343628
7.721286296844482
3.672516345977783
1.00954270362854
1.1931507587432861
6.193188667297363
2.379896402359009
7.721428871154785
3.6721625328063965
1.00954270362854
1.192730188369751
6.19313907623291
2.3797552585601807
7.721569061279297
3.6718146800994873
1.00954270362854
1.1923166513442993
6.193089962005615
2.3796164989471436
7.721706867218018
3.6714725494384766
1.00954270362854
1.1919100284576416
6.193041801452637
2.3794798851013184
7.7218427658081055
3.6711361408233643
1.00954270362854
1.1915102005004883
6.192994594573975
2.379345655441284
7.721976280212402
3.6708052158355713
1.00954270362854
1.1911170482635498
6.192947864532471
2.379213571548462
7.722107410430908
3.6704797744750977
1.00954270362854
1.1907304525375366
6.192902088165283
2.3790836334228516
7.722236633300781
3.6701598167419434
1.00954270362854
1.1903502941131592
6.192857265472412
2.3789560794830322
7.722363471984863
3.6698453426361084
1.00954270362854
1.189976453781128
6.192812919616699
2.3788304328918457
7.7224884033203125
3.6695361137390137
1.00954270362854
1.1896088123321533
6.192769527435303
2.378706932067871
7.722610950469971
3.66923189163208
1.00954270362854
1.1892472505569458
6.1927266120910645
2.3785855770111084
7.722731590270996
3.6689326763153076
1.00954270362854
1.1888917684555054
6.192684650421143
2.3784661293029785
7.722850322723389
3.6686384677886963
1.00954270362854
1.1885422468185425
6.192643165588379
2.3783488273620605
7.722967147827148
3.668349266052246
1.00954270362854
1.1881985664367676
6.192602634429932
2.3782334327697754
7.723082065582275
3.668064832687378
1.00954270362854
1.1878606081008911
6.192562580108643
2.378119945526123
7.7231950759887695
3.667785167694092
1.00954270362854
1.1875282526016235
6.192523002624512
2.3780083656311035
7.723306179046631
3.6675102710723877
1.00954270362854
1.1872013807296753
6.192484378814697
2.377898693084717
7.723415374755859
3.6672399044036865
1.00954270362854
1.1868799924850464
6.192446231842041
2.377790689468384
7.723522663116455
3.6669740676879883
1.00954270362854
1.1865639686584473
6.192409038543701
2.3776845932006836
7.723628044128418
3.666712522506714
1.00954270362854
1.1862531900405884
6.1923723220825195
2.377580165863037
7.723731517791748
3.6664555072784424
1.00954270362854
1.1859476566314697
6.192336082458496
2.3774776458740234
7.7238335609436035
3.6662027835845947
1.00954270362854
1.1856471300125122
6.192300319671631
2.3773767948150635
7.723933696746826
3.665954113006592
1.00954270362854
1.1853516101837158
6.192265510559082
2.3772776126861572
7.724032402038574
3.6657097339630127
1.00954270362854
1.1850610971450806
6.192231178283691
2.3771800994873047
7.7241291999816895
3.6654694080352783
1.00954270362854
1.1847753524780273
6.192197322845459
2.377084255218506
7.72422456741333
3.6652328968048096
1.00954270362854
1.1844943761825562
6.192197322845459
2.377084255218506
7.724318504333496
3.6650004386901855
1.00954270362854
1.1842180490493774
6.192197322845459
2.377084255218506
7.724410533905029
3.664771795272827
1.00954270362854
1.1839463710784912
6.192197322845459
2.377084255218506
7.724501132965088
3.6645469665527344
1.00954270362854
1.183679223060608
6.192197322845459
2.377084255218506
7.724590301513672
3.6643259525299072
1.00954270362854
1.183416485786438
6.192197322845459
2.377084255218506
7.724678039550781
3.6641085147857666
1.00954270362854
1.1831581592559814
6.192197322845459
2.377084255218506
7.724764347076416
3.6638948917388916
1.00954270362854
1.1829041242599487
6.192197322845459
2.377084255218506
7.724849224090576
3.663684844970703
1.00954270362854
1.1826543807983398
6.192197322845459
2.377084255218506
7.724932670593262
3.663478136062622
1.00954270362854
1.1824088096618652
6.192197322845459
2.377084255218506
7.725014686584473
3.6632750034332275
1.00954270362854
1.1821672916412354
6.192197322845459
2.377084255218506
7.725095272064209
3.6630752086639404
1.00954270362854
1.1819298267364502
6.192197322845459
2.377084255218506
7.725174427032471
3.6628787517547607
1.00954270362854
1.1816962957382202
6.192197322845459
2.377084255218506
7.725252151489258
3.6626856327056885
1.00954270362854
1.1814666986465454
6.192197322845459
2.377084255218506
7.7253289222717285
3.6624956130981445
1.00954270362854
1.1812409162521362
6.192197322845459
2.377084255218506
7.725404262542725
3.662308692932129
1.00954270362854
1.1810188293457031
6.192197322845459
2.377084255218506
7.725478172302246
3.6621248722076416
1.00954270362854
1.180800437927246
6.192197322845459
2.377084255218506
7.725551128387451
3.6619441509246826
1.00954270362854
1.1805857419967651
6.192197322845459
2.377084255218506
7.725622653961182
3.661766529083252
1.00954270362854
1.1803746223449707
6.192197322845459
2.377084255218506
7.725693225860596
3.6615917682647705
1.00954270362854
1.1801669597625732
6.192197322845459
2.377084255218506
7.725762367248535
3.6614201068878174
1.00954270362854
1.1799627542495728
6.192197322845459
2.377084255218506
7.725830554962158
3.6612513065338135
1.00954270362854
1.1797620058059692
6.192197322845459
2.377084255218506
7.725897312164307
3.6610851287841797
1.00954270362854
1.1795645952224731
6.192197322845459
2.377084255218506
7.725963115692139
3.660921812057495
1.00954270362854
1.1793705224990845
6.192197322845459
2.377084255218506
7.726027965545654
3.6607611179351807
1.00954270362854
1.1791796684265137
6.192197322845459
2.377084255218506
7.7260918617248535
3.6606032848358154
1.00954270362854
1.1789920330047607
6.192197322845459
2.377084255218506
7.726154327392578
3.6604480743408203
1.00954270362854
1.1788074970245361
6.192197322845459
2.377084255218506
7.726215839385986
3.660295248031616
1.00954270362854
1.1786260604858398
6.192193984985352
2.377049207687378
7.7262797355651855
3.6601803302764893
1.00954270362854
1.1784476041793823
6.192191123962402
2.377014636993408
7.72634220123291
3.660067319869995
1.00954270362854
1.1782721281051636
6.192188262939453
2.3769805431365967
7.726403713226318
3.659956216812134
1.00954270362854
1.178099513053894
6.192185401916504
2.3769471645355225
7.72646427154541
3.659846782684326
1.00954270362854
1.1779298782348633
6.192182540893555
2.3769142627716064
7.7265238761901855
3.6597392559051514
1.00954270362854
1.1777629852294922
6.1921796798706055
2.3768818378448486
7.7265825271606445
3.6596333980560303
1.00954270362854
1.1775989532470703
6.192176818847656
2.376850128173828
7.726640224456787
3.659529447555542
1.00954270362854
1.177437663078308
6.192173957824707
2.376818895339966
7.726696968078613
3.6594271659851074
1.00954270362854
1.177278995513916
6.192171096801758
2.3767881393432617
7.726752758026123
3.6593265533447266
1.00954270362854
1.177122950553894
6.192168235778809
2.376757860183716
7.726807594299316
3.6592276096343994
1.00954270362854
1.1769695281982422
6.192165374755859
2.376728057861328
7.726861476898193
3.659130334854126
1.00954270362854
1.1768187284469604
6.192162990570068
2.3766987323760986
7.726914405822754
3.6590347290039062
1.00954270362854
1.1766704320907593
6.192160606384277
2.3766701221466064
7.726966381072998
3.6589407920837402
1.00954270362854
1.1765245199203491
6.192158222198486
2.3766419887542725
7.727017402648926
3.658848285675049
1.00954270362854
1.1763811111450195
6.192155838012695
2.3766140937805176
7.727067947387695
3.658757448196411
1.00954270362854
1.176240086555481
6.192153453826904
2.376586675643921
7.727117538452148
3.658668041229248
1.00954270362854
1.1761014461517334
6.192151069641113
2.3765597343444824
7.727166175842285
3.6585800647735596
1.00954270362854
1.1759650707244873
6.192148685455322
2.376533269882202
7.7272138595581055
3.6584935188293457
1.00954270362854
1.1758309602737427
6.192146301269531
2.37650728225708
7.727261066436768
3.6584086418151855
1.00954270362854
1.1756991147994995
6.19214391708374
2.376481771469116
7.727307319641113
3.658324956893921
1.00954270362854
1.1755694150924683
6.192141532897949
2.3764567375183105
7.727352619171143
3.658242702484131
1.00954270362854
1.175441861152649
6.192139148712158
2.376431941986084
7.727397441864014
3.6581618785858154
1.00954270362854
1.1753164529800415
6.192136764526367
2.3764076232910156
7.727441310882568
3.6580824851989746
1.00954270362854
1.175193190574646
6.192134857177734
2.3763837814331055
7.727484703063965
3.6580042839050293
1.00954270362854
1.1750719547271729
6.192132949829102
2.3763604164123535
7.727527141571045
3.6579275131225586
1.00954270362854
1.174952745437622
6.192131042480469
2.3763372898101807
7.727569103240967
3.6578519344329834
1.00954270362854
1.1748355627059937
6.192129135131836
2.376314640045166
7.727610111236572
3.6577775478363037
1.00954270362854
1.174720287322998
6.192127227783203
2.3762922286987305
7.7276506423950195
3.6577045917510986
1.00954270362854
1.1746069192886353
6.19212532043457
2.376270294189453
7.72769021987915
3.657632827758789
1.00954270362854
1.1744954586029053
6.1921234130859375
2.376248598098755
7.727729320526123
3.657562255859375
1.00954270362854
1.1743857860565186
6.1921234130859375
2.376248598098755
7.727729320526123
3.657562255859375
1.00954270362854
1.1742780208587646
6.1921234130859375
2.376248598098755
7.727729320526123
3.657562255859375
1.00954270362854
1.174172043800354
6.1921234130859375
2.376248598098755
7.727729320526123
3.657562255859375
1.00954270362854
1.1740678548812866
6.1921234130859375
2.376248598098755
7.727729320526123
3.657562255859375
1.00954270362854
1.173965334892273
6.1921234130859375
2.376248598098755
7.727729320526123
3.657562255859375
1.00954270362854
1.1738646030426025
